Id,Expected
1,0.99985839057100134308
2,0.99579584847985924689
3,0.99995247692998001643
4,0.98362621122244220384
5,0.99750338288326156899
6,0.99977406227876353118
7,0.99854642166065055164
8,0.99996052264015022892
9,0.99730923537982196780
10,0.99671164216657603951
11,0.99873864386773603119
12,0.99965199142287808343
13,0.99893560250722035487
14,0.99850180543854893944
15,0.71003950503593260546
16,0.99996142649787045364
17,0.99954636832387189216
18,0.45561210905517918190
19,0.94774039795994480251
20,0.99740575501207917597
21,0.99915368330535270225
22,0.98856701623373210985
23,0.77181276534149534374
24,0.99999168904615609588
25,0.99996210401009999469
26,0.88881622810732718865
27,0.99963629225857719707
28,0.99993628587439742361
29,0.99984837605906484725
30,0.99997919287414993583
31,0.99996142649787045364
32,0.99205529394772073992
33,0.99924981640791643578
34,0.99474864092101766833
35,0.97316555348043087825
36,0.99296693473312525047
37,0.99998582998986540460
38,0.99932686923084035335
39,0.96970297284129447490
40,0.99997222250610684480
41,0.99997615201530720697
42,0.99999858462222968036
43,0.98746915953201519489
44,0.92415401784092654491
45,0.95336774611255181711
46,0.99708161234311565302
47,0.99239367887677609747
48,0.99999983278302939649
49,0.99126298505483312340
50,0.99664875243708361818
51,0.97202842048783633100
52,0.96283561985706067610
53,0.86459550366011850286
54,0.99525422919513750752
55,0.99996142649787045364
56,0.99756899893161343762
57,0.99965486010484350121
58,0.99999877382996604780
59,0.99994056057305014118
60,0.99780327931968926247
61,0.98328324366637664955
62,0.99474796040921409368
63,0.10992407698804231020
64,0.99979667526015270074
65,0.91684811345493177903
66,0.99782569222217754046
67,0.98915667651698013785
68,0.99967444860835552589
69,0.95942690443552580692
70,0.99751167235283988433
71,0.99753499714062376924
72,0.99667695658776600531
73,0.99346223041836190237
74,0.99989703905681326379
75,0.99887582315504530595
76,0.99995626726979569554
77,0.99763404838167857314
78,0.99076923078271450507
79,0.99994420648938009411
80,0.99999988302113740346
81,0.99413336565033350034
82,0.99285849944929838173
83,0.99123679933906494455
84,0.99093358689053812061
85,0.90707008990429005557
86,0.99893784804090257623
87,0.99927344780546589753
88,0.99999111247048533269
89,0.99999955604074375337
90,0.97463823730240428667
91,0.99999986951193453599
92,0.98795337391546789174
93,0.99999900482178738503
94,0.99999268331130775067
95,0.98149384330029476597
96,0.95255784576054913781
97,0.99965199142287797240
98,0.99974528678491592082
99,0.83737545107870947625
100,0.99999810920367349087
101,0.99998820831318424585
102,0.99997581184585415670
103,0.49277989585960330077
104,0.99848109269346774219
105,0.99998698912686101448
106,0.99996831861235391248
107,0.99600996215345760643
108,0.99737171060983020876
109,0.99613537048671363383
110,0.99997971989967593398
111,0.99999955604074375337
112,0.99987906238723334162
113,0.99902607630336892619
114,0.99870206111989601183
115,0.99895010194520383884
116,0.99767630126393092027
117,0.96949839783743285704
118,0.99998484004993393182
119,0.60026562288097939923
120,0.99791486156294650911
121,0.83737545107870958727
122,0.99997831722671148835
123,0.97047545287157377381
124,0.98928135966901842302
125,0.99972970177377662448
126,0.99883698363205286608
127,0.99824065461118016707
128,0.99757495002071039369
129,0.98805720517087958221
130,0.98971904845167246734
131,0.99814382475454244137
132,0.05584520826555097739
133,0.99987534214445428216
134,0.99999902406289908896
135,0.99687671880501405042
136,0.99986360536737062255
137,0.94619231366158329521
138,0.99999256546924641942
139,0.97570256146702194489
140,0.99997002845766524981
141,0.99999806986652517438
142,0.99694158480971906133
143,0.99997334721840858140
144,0.89006264183800842815
145,0.99615911190456540858
146,0.99999919185005681221
147,0.98740080369659755100
148,0.98678340099958994358
149,0.99573348370421010944
150,0.99585474510727278741
151,0.97004585040516855265
152,0.99995921817346966609
153,0.99526457913447086145
154,0.99990843315383470813
155,0.99998758278805011113
156,0.99887879007547819565
157,0.99998121105391368779
158,0.99240409882146241038
159,0.99458344820065103242
160,0.99994122697148424272
161,0.99697586205249599800
162,0.77063572895649135042
163,0.97415902298310119711
164,0.98537144695656331272
165,0.99989961633647528316
166,0.99996636375999148338
167,0.99757065528474409000
168,0.99999385695895004478
169,0.99999096306545010027
170,0.98017067962696424743
171,0.99995331231627304636
172,0.78081130945741328286
173,0.99565385215297297350
174,0.99995609881610481029
175,0.99999851917133142365
176,0.99061537157414736310
177,0.99840177526013051956
178,0.96360247844009072615
179,0.99999536431573576856
180,0.99100455139517440450
181,0.99999965557807124483
182,0.99972724793665868059
183,0.99997946565986939316
184,0.99169202453223326277
185,0.99682660509964904350
186,0.98631171905923531451
187,0.99999667294952343521
188,0.99932381832109717923
189,0.99999089889044712187
190,0.99997039109263152756
191,0.93129587231085719790
192,0.99790882925121993097
193,0.94774039795994469149
194,0.99997670258972259916
195,0.99896297070758000025
196,0.98422164414138779698
197,0.99999758148803308266
198,0.90518231859925968319
199,0.99998818467408623345
200,0.98343584329930799903
201,0.99553181201598506256
202,0.99459424900314008511
203,0.99998229988396891699
204,0.99939299049816154863
205,0.99975583825016001160
206,0.99996283799064134001
207,0.89737038475599995024
208,0.99685113177213635627
209,0.99998582998986540460
210,0.99947879841019471314
211,0.99514978873200132803
212,0.99840307400694527917
213,0.99887360955372939131
214,0.96220050686159008801
215,0.99906799722016259580
216,0.99999773575216732713
217,0.99949902501733778326
218,0.99972553415466514082
219,0.82609505612695655064
220,0.96864692551723940994
221,0.99515153764884178855
222,0.99968180372421699964
223,0.97662230644612313402
224,0.98721832328974923332
225,0.99988959164071788965
226,0.99999222515639318853
227,0.97882491629022350121
228,0.99687838917201720967
229,0.99999822248145886494
230,0.99961791130152244378
231,0.99857043301965675575
232,0.83737545107870947625
233,0.99793455755807425334
234,0.99601861935199575981
235,0.99508678142819595447
236,0.99853089290966756675
237,0.99999983771232703322
238,0.99945279769740491549
239,0.08755265170055008539
240,0.99907593795198890163
241,0.99823634184181064821
242,0.72632023368607390168
243,0.98260989174175017435
244,0.99670276951082847905
245,0.99811494309254544799
246,0.98838641933599369338
247,0.99889028163232540525
248,0.99999877382996604780
249,0.99557082327021750867
250,0.98260133000632965405
251,0.96123604932224981923
252,0.99994236897464205960
253,0.99928689175221829810
254,0.99999965903074383711
255,0.99956242289569952053
256,0.99999567923735399599
257,0.99862453672163420393
258,0.99998082508576924265
259,0.99956072664035100495
260,0.99996878281947387812
261,0.99996254312393872965
262,0.99999963111291056972
263,0.99104945465925575743
264,0.99975250217455291502
265,0.99427422959882771902
266,0.99999991831957413257
267,0.99999837763138343938
268,0.99906799722016259580
269,0.90067165566607787497
270,0.99672039455682792664
271,0.99913860423833833480
272,0.99714694871691322842
273,0.99083676764307593299
274,0.98805720517087958221
275,0.99956101571453903620
276,0.99920898243158329244
277,0.98695148013876954352
278,0.98934746946631002551
279,0.99019984393677396017
280,0.99919134749004223650
281,0.99999580335017412835
282,0.87435667986372678229
283,0.99557512485428478755
284,0.99800580514861059189
285,0.99997939425827653270
286,0.99997857709099680079
287,0.99134638735364299933
288,0.99986053954911358055
289,0.99987821036075341663
290,0.98707561267314625209
291,0.94183401347212380994
292,0.99988806786388484404
293,0.99991520062614924758
294,0.99864438708337888162
295,0.99423812596931193664
296,0.93035506973974912981
297,0.99986749805020824766
298,0.99996987259817582405
299,0.30623079163659255864
300,0.99953378135154313799
301,0.99999837763138343938
302,0.99952332991755465930
303,0.98835869024710498731
304,0.97661381686749126896
305,0.99999668586170753493
306,0.89970536561550140675
307,0.99925908864400492249
308,0.99999457921359047319
309,0.99523812319330162701
310,0.99999978938160094533
311,0.99996621212451808347
312,0.99985839057100134308
313,0.66668792716727542924
314,0.99993020400222587529
315,0.99886584525605182083
316,0.99996626597007121084
317,0.99752094322136275473
318,0.98530181632910462941
319,0.99996666668561895452
320,0.99998962649273437364
321,0.99805680310214950346
322,0.98798807837347235594
323,0.99996142649787045364
324,0.99999365764952785618
325,0.99979824945526452051
326,0.99981419493566225931
327,0.99994324015755231549
328,0.99855373135550629105
329,0.95369627041708071591
330,0.96807785936777113189
331,0.99686953204514994198
332,0.99999086466441045040
333,0.99999731254667634239
334,0.99717724239644522921
335,0.99508678142819595447
336,0.99960383109167372240
337,0.39308866026228161950
338,0.86019905908559735064
339,0.99787785282540164555
340,0.99927552175909917231
341,0.99992226669132544536
342,0.99969124938058695484
343,0.99999730786373963731
344,0.99540611723016136914
345,0.99162689874608345164
346,0.96454260213944020830
347,0.97557964167252897436
348,0.94956350929292709928
349,0.24462373905858544876
350,0.99226966696557539205
351,0.97428624846147815486
352,0.99804767649909598148
353,0.99996153583839919587
354,0.99999826185936580014
355,0.99984865473736150854
356,0.99396419901182408996
357,0.99349625711827183050
358,0.99871283308497338371
359,0.99221871042248499517
360,0.99939036664693881029
361,0.99007383253322922556
362,0.99672574458494123117
363,0.99980895292313320954
364,0.99768110450969749170
365,0.98640213523924247241
366,0.99477353733551998616
367,0.99996153583839919587
368,0.99401755161137039796
369,0.99949577622929175469
370,0.71809917061881878286
371,0.99999867111366669281
372,0.99892994687673675180
373,0.39899486781778809030
374,0.99363481666192510211
375,0.98129535539328049953
376,0.99946033898096198200
377,0.98634936916960302966
378,0.99999671560387659586
379,0.99996142649787045364
380,0.99608889550433332705
381,0.95638679511467616923
382,0.99946176339868830762
383,0.97129872047487819664
384,0.99999525260262789317
385,0.99987692636664249335
386,0.99992130800706646720
387,0.99994510633531408228
388,0.99421423564790656346
389,0.99747575031157764691
390,0.99716916947135569860
391,0.39308866026228150847
392,0.99997609090759498329
393,0.98511594576508776377
394,0.99997155915192337261
395,0.99989082130253137404
396,0.99993781238625056851
397,0.99645292942391550106
398,0.99978319935130344209
399,0.99599769124665038511
400,0.99995274600908456986
401,0.99857245251882353898
402,0.96626143093827909780
403,0.99998135804676524518
404,0.99996133321665603422
405,0.99999983564056982299
406,0.97686411151053165192
407,0.99999377191359695161
408,0.99995986310554108023
409,0.99448183489422636860
410,0.99999211759118633580
411,0.99158808936909592635
412,0.99939666712405883509
413,0.99998957695535239942
414,0.99971752639741917612
415,0.99372394824486376397
416,0.99927539132060150262
417,0.99999406014307912205
418,0.99999813537377268968
419,0.99816832289813584023
420,0.97252866538381266270
421,0.99999699908974426510
422,0.99999882410241147657
423,0.96392118146966587755
424,0.99999902406289908896
425,0.84816971889292569475
426,0.99973172136282206779
427,0.99985624143388240892
428,0.99776993453443008075
429,0.99932897739362247513
430,0.96095597075192118464
431,0.93825535456632624953
432,0.99989106438234964802
433,0.99996806482484734691
434,0.99581183857996957709
435,0.99996142649787045364
436,0.99999931511307549314
437,0.98798807837347235594
438,0.99989534754506548264
439,0.99994594747403631185
440,0.99999116615600169844
441,0.99999906502372437611
442,0.99907372301952079852
443,0.99342308948342405994
444,0.99999859239901955910
445,0.99965620024496637530
446,0.98594836687588072177
447,0.99976528060930891506
448,0.99999986862426071266
449,0.95369627041708071591
450,0.99940560953894130858
451,0.99449086496497363097
452,0.98873386757332071273
453,0.99585425143628203415
454,0.99999881130105328086
455,0.99999689229348420749
456,0.39308866026228150847
457,0.99814913242302627516
458,0.99999877382996604780
459,0.97189500226713387843
460,0.95489659047538211212
461,0.99999586802128237473
462,0.99976683632314444772
463,0.99999855416622362991
464,0.98238880179317833452
465,0.99809385498652347657
466,0.99991484406537578522
467,0.99987262717068658979
468,0.99998348925987734503
469,0.99824622804237184148
470,0.99953997066241540015
471,0.99997889473912149327
472,0.99981399720824559729
473,0.99998084661323238809
474,0.96590746618854195216
475,0.99963587702466205620
476,0.99995730453314124464
477,0.97241974684347554092
478,0.99928306299697045034
479,0.99999824434524398065
480,0.99641552882916550882
481,0.99990795157150702543
482,0.99731693563799284075
483,0.99321028601793270862
484,0.99999986447974686943
485,0.99999533954435437799
486,0.99873398958482118015
487,0.99988397022138719716
488,0.90518231859925968319
489,0.69389987770748995377
490,0.99897990716174200898
491,0.99690213869436161698
492,0.99987471025880592101
493,0.99999984302469435704
494,0.97629942264616487169
495,0.99993781238625045749
496,0.98679994538036908125
497,0.99997221479951536871
498,0.99965222658796293320
499,0.99971830998586797001
500,0.99719749096623178097
501,0.80917220080069929278
502,0.95530461599920946103
503,0.98183994013431685755
504,0.99999116615600169844
505,0.99853089290966756675
506,0.99312403958129669146
507,0.99645790571678682923
508,0.99620536984441554473
509,0.99999676856316432882
510,0.99593166789222320467
511,0.99873842301134851951
512,0.99320576564576346090
513,0.99134638735364288831
514,0.99999614903665756671
515,0.95654599784264726647
516,0.99998994307046773500
517,0.99130148046201471690
518,0.99982438177445487337
519,0.99982878538661912327
520,0.99746703197416519693
521,0.99983481255120520981
522,0.99950499083329924499
523,0.99992418658625148442
524,0.99994904697425590623
525,0.99995069742799369550
526,0.99825969511821588398
527,0.99995765582008699912
528,0.99879831904124760644
529,0.99965081081069595559
530,0.95932744862311569722
531,0.99936108948243096428
532,0.97653077492903883616
533,0.99557512485428478755
534,0.99772558289640811413
535,0.99864374249179255205
536,0.99710852670214622506
537,0.98924253033285236558
538,0.98137216533908666616
539,0.99761604298706396676
540,0.99654837953104391524
541,0.99772457649093782006
542,0.98504073205757336495
543,0.99276339267900304275
544,0.56434119589814679685
545,0.99998808461923205382
546,0.99999835009879201042
547,0.98605085419876137287
548,0.93269388920033236001
549,0.99986324023757311430
550,0.99964543184325471703
551,0.51397119567148130681
552,0.99991455607701351660
553,0.99999963200093888727
554,0.99999922463360368940
555,0.96904492224775051756
556,0.99680038402279214083
557,0.99925034115186983641
558,0.99999283100456037854
559,0.98336146634304344438
560,0.99715291801796657190
561,0.97116471244662416762
562,0.99999144535604356232
563,0.99996569105827182167
564,0.99998360928214313770
565,0.99848471535832827861
566,0.98995672551255931015
567,0.99458125471494873704
568,0.99978672259780576592
569,0.99933637387521057072
570,0.99945279769740491549
571,0.98988197621633888801
572,0.96368136710441165693
573,0.99999004166683425066
574,0.99504499618413588813
575,0.99999365764952785618
576,0.96626143093827909780
577,0.99919810777989004347
578,0.98852452832063120169
579,0.99522798889080188456
580,0.99978637404862513716
581,0.99634654279070022920
582,0.99841958693837529193
583,0.99936816290111418759
584,0.94972369989409577418
585,0.99969885317815887493
586,0.99854876098156086783
587,0.99851288093874879248
588,0.99971216579094202004
589,0.99997968991967667307
590,0.99815046891801972873
591,0.99999992566090545321
592,0.98718641830815534455
593,0.99534313527865669879
594,0.99130381349112450806
595,0.99575866041146687824
596,0.99838758801555238520
597,0.96070756085718633788
598,0.99993607218850699692
599,0.99776737930062486814
600,0.99684183457693209540
601,0.99285489087688205689
602,0.99574903801164571515
603,0.99784172206205512534
604,0.99999706026121393254
605,0.50629586649807734045
606,0.98826281796726145323
607,0.98910253414904247826
608,0.99988340456866242612
609,0.99838758801555249622
610,0.99987066823608694577
611,0.99999067693839926996
612,0.99801169314052440296
613,0.99996545037077966267
614,0.99900135221444996692
615,0.99992475347753440040
616,0.99999976909108823087
617,0.99345545703929982739
618,0.99722996365192806412
619,0.99953281796193127473
620,0.99963128902240960816
621,0.99333142457700807082
622,0.97686411151053165192
623,0.99561365509608967805
624,0.99999744022913139574
625,0.99991508117500738084
626,0.99931046790715460926
627,0.96883665548386344035
628,0.90461646788123195595
629,0.99686162818700041477
630,0.99923875985438548319
631,0.99820242973362616201
632,0.99906799722016259580
633,0.99879781778711185236
634,0.99973114519416639290
635,0.99746014768353541413
636,0.83737545107870947625
637,0.98817021166434704238
638,0.99990077999894277916
639,0.99231553167018649031
640,0.99994796619206172128
641,0.98547466463010402471
642,0.15921602493742409434
643,0.99645511014381438208
644,0.99999288894859450494
645,0.99999839064957152246
646,0.99844679368459310354
647,0.99984274829211849944
648,0.98613812617454066345
649,0.98631783787993942969
650,0.99998962649273437364
651,0.98299135187262831614
652,0.99516827274885832910
653,0.99999035967081983944
654,0.99999877382996604780
655,0.99991116291945769667
656,0.87588572534167663530
657,0.99999826185936580014
658,0.99678693577825550065
659,0.99999066005508308042
660,0.99779540651552711683
661,0.97228263789830526864
662,0.99906799722016270682
663,0.99997402084439279690
664,0.99999194150639236778
665,0.98924253033285236558
666,0.99974401987937588920
667,0.99986386726927845015
668,0.99999939242140956086
669,0.99770091658907267274
670,0.97892480284467953133
671,0.99614882703346985249
672,0.99421715741776506281
673,0.99687838917201720967
674,0.99962051403003504557
675,0.99945795828430528118
676,0.98530518722153714872
677,0.99918645769609837348
678,0.99992477883399333294
679,0.98508888960217044772
680,0.98862725027511055842
681,0.97686411151053165192
682,0.99999085066445980718
683,0.99989325562380715340
684,0.24102948560071968398
685,0.99906799722016259580
686,0.99859198042932195705
687,0.99999877382996604780
688,0.97127670190619175283
689,0.99999988302113740346
690,0.99999649141660029716
691,0.99998504988347702849
692,0.89881170819019295948
693,0.99832404282952458274
694,0.99648153066045175308
695,0.99923624942947442129
696,0.99614655608170421530
697,0.99975467632224479519
698,0.99932682548087226060
699,0.99979396192796887721
700,0.99975852563355105396
701,0.99866471135633572143
702,0.99973889654881953337
703,0.99978254476056793720
704,0.99996807671027221343
705,0.98424234603840243807
706,0.99993839781631188579
707,0.99755166002812389880
708,0.96658873475650275431
709,0.99762301636936900895
710,0.94183401347212380994
711,0.97882371605719609153
712,0.99998897269823772138
713,0.98631524595583486281
714,0.99356805613130050325
715,0.99987192453590723051
716,0.99906799722016259580
717,0.98924253033285236558
718,0.99952629146975024987
719,0.99985417968565459823
720,0.99774666280923862693
721,0.99817670480583009507
722,0.99971730423450522185
723,0.99829376052027241073
724,0.99999434892004446240
725,0.99999979465726873684
726,0.99962619885151338117
727,0.99848109269346774219
728,0.99258586281522476202
729,0.99995661247700817764
730,0.97968951208980159517
731,0.99999608159061326162
732,0.99069408756892540779
733,0.97328517593387464668
734,0.99218424402553395680
735,0.96183499864669785850
736,0.99613468755174860991
737,0.91368622642780583654
738,0.99946990215924647050
739,0.99999615069880409823
740,0.96881469802480391085
741,0.99719652405438463649
742,0.99367745424554776434
743,0.60367169566444300877
744,0.90518231859925968319
745,0.99627103516596893229
746,0.99999833659834624910
747,0.99999597807892348644
748,0.60026562288097939923
749,0.83737545107870947625
750,0.99983646349317489843
751,0.99974093595952984170
752,0.99999168904615609588
753,0.99999826185936580014
754,0.72142469452585034073
755,0.99999877382996604780
756,0.99988397022138719716
757,0.99997304431645250844
758,0.99997206018600925947
759,0.99845224329117421291
760,0.96888216891290379618
761,0.98834862404196388574
762,0.99931700890797225956
763,0.99996989374699640774
764,0.99988459466483103899
765,0.99932051941925492677
766,0.98840703070092983396
767,0.99999867111366669281
768,0.93915530990641915565
769,0.99989680063165387036
770,0.99698731639609505795
771,0.26681200969222718111
772,0.99306224540308218884
773,0.99857669716350982991
774,0.98707550282655831531
775,0.99850180543854893944
776,0.99698731639609505795
777,0.99898016703559322504
778,0.99996666668561895452
779,0.99955191361957951290
780,0.99867580876833528247
781,0.99977094499205587663
782,0.99995090387268814602
783,0.99421321519329730609
784,0.99984978851518779841
785,0.98812362111108043017
786,0.99784425185352731980
787,0.99925915413382848662
788,0.99996480541150656318
789,0.99990951023970786604
790,0.99528556417283586821
791,0.97853947087360459989
792,0.99998968980337898937
793,0.99993861023257124554
794,0.88442384064703649660
795,0.99999877382996604780
796,0.99987192453590723051
797,0.99998566656405951658
798,0.99997000953680448276
799,0.99906799722016270682
800,0.99994678528924219041
801,0.99911841634102105392
802,0.00372395766371108562
803,0.00293465350248991010
804,0.99998535637079066785
805,0.99995032315612553120
806,0.99943213530178465209
807,0.99943213530178465209
808,0.99920618899686008962
809,0.99997743114460180269
810,0.99998535637079066785
811,0.99992678614241892188
812,0.99991163092881651941
813,0.99997932110818754659
814,0.99998535637079066785
815,0.99943213530178465209
816,0.99989031811385442605
817,0.98892952248557297601
818,0.99977160821380772759
819,0.99994533531527796111
820,0.99581964686623380967
821,0.99983211211723810319
822,0.99977160821380772759
823,0.99997932110818754659
824,0.99943213530178465209
825,0.99999567005294565103
826,0.99991849398656973413
827,0.99997932110818754659
828,0.99996113204924019779
829,0.99975903022324785763
830,0.99911841634102105392
831,0.99999567005294565103
832,0.99977160821380772759
833,0.99959391640514538846
834,0.00106914336064686767
835,0.99997932110818754659
836,0.10296873892449989740
837,0.99979526622470193953
838,0.99994838911653505242
839,0.99990238390550889580
840,0.00416770229990833137
841,0.99992504308599750029
842,0.99999567005294565103
843,0.99997932110818754659
844,0.99994533531527796111
845,0.23436317030435441233
846,0.99997932110818754659
847,0.99997932110818754659
848,0.05700596112006499350
849,0.99999567005294565103
850,0.99971868765350213604
851,0.99943213530178465209
852,0.99999567005294565103
853,0.99991632789504414358
854,0.99988552487389381618
855,0.99997932110818754659
856,0.99581964686623380967
857,0.99971868765350213604
858,0.99920618899686008962
859,0.99975903022324785763
860,0.99992678614241892188
861,0.99906800235305337488
862,0.99596112157193417147
863,0.99960660152521374489
864,0.99943213530178465209
865,0.99995335882165758967
866,0.99999567005294565103
867,0.99885642693497567191
868,0.13273577349695017680
869,0.99989031811385442605
870,0.99696122055163505227
871,0.99991849398656973413
872,0.99994533531527796111
873,0.99997932110818754659
874,0.99997743114460180269
875,0.99953562581595878367
876,0.99977160821380772759
877,0.10296873892449988352
878,0.99999567005294565103
879,0.99994838911653505242
880,0.99885642693497567191
881,0.99997932110818754659
882,0.47870695273407443127
883,0.99977160821380772759
884,0.99998535637079066785
885,0.98348569435302513053
886,0.99971868765350213604
887,0.59310390037578875067
888,0.99994476750019345435
889,0.99997932110818754659
890,0.25379462122305734839
891,0.99968914097109551342
892,0.99976890784359662145
893,0.99976890784359662145
894,0.99977160821380772759
895,0.99987280703326331111
896,0.99999567005294565103
897,0.99977160821380772759
898,0.99997932110818754659
899,0.99988552487389381618
900,0.99911841634102105392
901,0.99994045883832682886
902,0.99999567005294565103
903,0.99997932110818754659
904,0.99977160821380772759
905,0.99997932110818754659
906,0.99977160821380772759
907,0.99975903022324785763
908,0.87154234954737441754
909,0.99943213530178465209
910,0.99991849398656973413
911,0.99999567005294565103
912,0.99507370179618459538
913,0.99998535637079066785
914,0.99923732723263913869
915,0.99971868765350213604
916,0.99806381658926268674
917,0.99995032315612553120
918,0.99997932110818754659
919,0.99998535637079066785
920,0.99990238390550889580
921,0.99988231566863650102
922,0.00305168141748709361
923,0.99047480625335915239
924,0.00042029342799616642
925,0.99997932110818754659
926,0.99988231566863650102
927,0.99997932110818754659
928,0.03685269678404681087
929,0.99930083886065579346
930,0.99999567005294565103
931,0.99994838911653505242
932,0.99990948739875173956
933,0.99997932110818754659
934,0.99998535637079066785
935,0.99978476931648108117
936,0.99991849398656973413
937,0.99999567005294565103
938,0.99999567005294565103
939,0.99995505660409056414
940,0.99853288992836131133
941,0.99998535637079066785
942,0.99990948739875173956
943,0.99895162478258936467
944,0.99994533531527796111
945,0.00372395766371108562
946,0.35524805770859707588
947,0.99999567005294565103
948,0.00119118562492625938
949,0.99997932110818754659
950,0.99999567005294565103
951,0.99930083886065579346
952,0.99977160821380772759
953,0.99581964686623380967
954,0.99696122055163505227
955,0.99977160821380772759
956,0.47870695273407437575
957,0.99983211211723810319
958,0.99997932110818754659
959,0.99985526571498006820
960,0.99992678614241892188
961,0.99999567005294565103
962,0.99803343128938570850
963,0.99968914097109551342
964,0.99989031811385442605
965,0.99991849398656973413
966,0.99992504308599750029
967,0.99986883277441362949
968,0.99920618899686008962
969,0.99991849398656973413
970,0.99976890784359662145
971,0.99990948739875173956
972,0.99999567005294565103
973,0.99997932110818754659
974,0.99999567005294565103
975,0.99999567005294565103
976,0.99953562581595878367
977,0.99977160821380772759
978,0.99979526622470193953
979,0.99790544544426640350
980,0.99977160821380772759
981,0.99983856830109707481
982,0.99997932110818754659
983,0.99992678614241892188
984,0.99991163092881651941
985,0.99977160821380772759
986,0.11311555809722079191
987,0.99925974217948854150
988,0.99734795725127034505
989,0.99985400733972018550
990,0.00028978557228397773
991,0.99991849398656973413
992,0.99977160821380772759
993,0.99997932110818754659
994,0.99999567005294565103
995,0.99999567005294565103
996,0.99960660152521374489
997,0.99968914097109551342
998,0.99997932110818754659
999,0.99977160821380772759
1000,0.99968914097109551342
1001,0.99806381658926268674
1002,0.00308241146677692068
1003,0.99950637298257227759
1004,0.00308241146677692068
1005,0.99977160821380772759
1006,0.99941729781675947564
1007,0.99991849398656973413
1008,0.54814598515844081827
1009,0.99997932110818754659
1010,0.99977160821380772759
1011,0.99999567005294565103
1012,0.69339783589210446380
1013,0.23436317030435438458
1014,0.99991849398656973413
1015,0.94405553293051569508
1016,0.99989031811385442605
1017,0.99953562581595878367
1018,0.99994533531527796111
1019,0.99991163092881651941
1020,0.99997932110818754659
1021,0.99999567005294565103
1022,0.99962973404360921936
1023,0.99958038596526277431
1024,0.99790544544426640350
1025,0.99961851814340796363
1026,0.99998535637079066785
1027,0.99999567005294565103
1028,0.99994838911653505242
1029,0.00012533329383593336
1030,0.99985526571498006820
1031,0.99999567005294565103
1032,0.99968914097109551342
1033,0.99997932110818754659
1034,0.99977160821380772759
1035,0.99991849398656973413
1036,0.99803343128938570850
1037,0.99991849398656973413
1038,0.99920618899686008962
1039,0.99990948739875173956
1040,0.99997932110818754659
1041,0.02446824689190050042
1042,0.99976890784359662145
1043,0.99977160821380772759
1044,0.99981751583498745806
1045,0.99999567005294565103
1046,0.99803343128938570850
1047,0.99991069091627371446
1048,0.99581964686623380967
1049,0.52473090283110845888
1050,0.99999567005294565103
1051,0.66661878781763184154
1052,0.99997932110818754659
1053,0.99999567005294565103
1054,0.99998010512640189695
1055,0.05159951299119754087
1056,0.99999567005294565103
1057,0.99997932110818754659
1058,0.00592768423562896329
1059,0.99999567005294565103
1060,0.99696122055163505227
1061,0.99998010512640189695
1062,0.20613446292923714998
1063,0.99295936247783733730
1064,0.99988340521132157424
1065,0.99994838911653505242
1066,0.02970107033508152805
1067,0.99997932110818754659
1068,0.99999567005294565103
1069,0.99943213530178465209
1070,0.00778765257015446178
1071,0.99999567005294565103
1072,0.99943213530178465209
1073,0.99991632789504414358
1074,0.99994533531527796111
1075,0.99922729981882363326
1076,0.99999567005294565103
1077,0.99803343128938570850
1078,0.99991849398656973413
1079,0.47870695273407437575
1080,0.00006022901064858566
1081,0.99953562581595878367
1082,0.99991849398656973413
1083,0.50560149821431499273
1084,0.99999567005294565103
1085,0.99997932110818754659
1086,0.99993229648978687596
1087,0.99997932110818754659
1088,0.99885642693497567191
1089,0.99860265469084985579
1090,0.99999567005294565103
1091,0.00217154937418648957
1092,0.99997932110818754659
1093,0.99991849398656973413
1094,0.99992678614241892188
1095,0.99989031811385442605
1096,0.99971868765350213604
1097,0.09813529267320887650
1098,0.99999567005294565103
1099,0.99999567005294565103
1100,0.99999567005294565103
1101,0.99994533531527796111
1102,0.00372395766371108562
1103,0.99997932110818754659
1104,0.99806381658926268674
1105,0.99997932110818754659
1106,0.99983211211723810319
1107,0.99999567005294565103
1108,0.99989031811385442605
1109,0.14939686258035203559
1110,0.99920618899686008962
1111,0.99997932110818754659
1112,0.99991849398656973413
1113,0.99803343128938570850
1114,0.99860265469084985579
1115,0.00261686776452165317
1116,0.89311387877748249498
1117,0.00006022901064858566
1118,0.99978476931648108117
1119,0.99990948739875173956
1120,0.99581964686623380967
1121,0.99968914097109551342
1122,0.99943213530178465209
1123,0.99991632789504414358
1124,0.99994533531527796111
1125,0.99989031811385442605
1126,0.99999567005294565103
1127,0.99977160821380772759
1128,0.99958038596526288533
1129,0.99885642693497567191
1130,0.99988552487389381618
1131,0.99991632789504414358
1132,0.99991849398656973413
1133,0.99999567005294565103
1134,0.99953562581595878367
1135,0.99997932110818754659
1136,0.99997932110818754659
1137,0.99971868765350213604
1138,0.99997932110818754659
1139,0.99997932110818754659
1140,0.99994045883832682886
1141,0.99995175058276331015
1142,0.99999567005294565103
1143,0.02446824689190050042
1144,0.99997932110818754659
1145,0.99991849398656973413
1146,0.99958038596526277431
1147,0.99953562581595878367
1148,0.99977160821380772759
1149,0.99997932110818754659
1150,0.99998535637079066785
1151,0.99990238390550889580
1152,0.99989031811385442605
1153,0.99944673679543627465
1154,0.99994533531527796111
1155,0.18551599700551676952
1156,0.99997932110818754659
1157,0.99998535637079066785
1158,0.99988552487389381618
1159,0.99803343128938570850
1160,0.99973769995399663912
1161,0.99943213530178465209
1162,0.99997743114460180269
1163,0.99997932110818754659
1164,0.99920618899686008962
1165,0.99968914097109551342
1166,0.00109792216289318753
1167,0.99998535637079066785
1168,0.99981751583498745806
1169,0.99990238390550889580
1170,0.99977160821380772759
1171,0.99998535637079066785
1172,0.99989031811385442605
1173,0.00217154937418648957
1174,0.99999567005294565103
1175,0.99995032315612553120
1176,0.99999567005294565103
1177,0.99790544544426640350
1178,0.99992504308599750029
1179,0.99806381658926268674
1180,0.55351445917494068727
1181,0.99994838911653505242
1182,0.99998535637079066785
1183,0.99968914097109551342
1184,0.99991849398656973413
1185,0.99997932110818754659
1186,0.99977160821380772759
1187,0.99992678614241892188
1188,0.99997932110818754659
1189,0.99977160821380772759
1190,0.99947553747453765638
1191,0.99997932110818754659
1192,0.99994533531527796111
1193,0.99581964686623380967
1194,0.99994533531527796111
1195,0.99976890784359662145
1196,0.99971868765350213604
1197,0.99962195361763095391
1198,0.99989031811385442605
1199,0.99998535637079066785
1200,0.00343525595397531488
1201,0.99988340521132157424
1202,0.99990948739875173956
1203,0.99997932110818754659
1204,0.99977160821380772759
1205,0.99999567005294565103
1206,0.99975312555933937286
1207,0.03175520652882894007
1208,0.00042029342799616642
1209,0.87443222340267845460
1210,0.99970023975129995719
1211,0.99803343128938570850
1212,0.99803343128938570850
1213,0.99993542106538646497
1214,0.99999567005294565103
1215,0.99977160821380772759
1216,0.00006022901064858566
1217,0.99997932110818754659
1218,0.99999567005294565103
1219,0.99997743114460180269
1220,0.99999567005294565103
1221,0.99977160821380772759
1222,0.02446824689190050042
1223,0.99971868765350213604
1224,0.99997932110818754659
1225,0.99998535637079066785
1226,0.00830080929781505834
1227,0.99998535637079066785
1228,0.99828977175984590087
1229,0.09813529267320887650
1230,0.99976890784359662145
1231,0.99885642693497567191
1232,0.99803343128938570850
1233,0.99977160821380772759
1234,0.02262798447343828540
1235,0.99995175058276331015
1236,0.99999567005294565103
1237,0.99947553747453754536
1238,0.99998535637079066785
1239,0.99983211211723810319
1240,0.99992504308599750029
1241,0.99994533531527796111
1242,0.99581964686623380967
1243,0.99994533531527796111
1244,0.99999567005294565103
1245,0.00006022901064858566
1246,0.99998535637079066785
1247,0.99999567005294565103
1248,0.85790163767649352256
1249,0.97576593075554929335
1250,0.99991632789504414358
1251,0.99977160821380772759
1252,0.99990948739875173956
1253,0.99999567005294565103
1254,0.99991849398656973413
1255,0.99999567005294565103
1256,0.99979526622470193953
1257,0.99920618899686008962
1258,0.02446824689190050042
1259,0.99992678614241892188
1260,0.99821507887038340989
1261,0.99998535637079066785
1262,0.99997932110818754659
1263,0.99860265469084985579
1264,0.99977160821380772759
1265,0.99991632789504414358
1266,0.99947553747453754536
1267,0.99998535637079066785
1268,0.99976890784359662145
1269,0.99995505660409056414
1270,0.99997932110818754659
1271,0.99962195361763095391
1272,0.99989031811385442605
1273,0.99997932110818754659
1274,0.99993229648978687596
1275,0.99990948739875173956
1276,0.99995032315612553120
1277,0.00217154937418648957
1278,0.99999567005294565103
1279,0.00592768423562896329
1280,0.66661878781763184154
1281,0.18819349263226348157
1282,0.99983856830109707481
1283,0.99999567005294565103
1284,0.99790544544426640350
1285,0.99985009740823094226
1286,0.00401085552164272274
1287,0.99976890784359662145
1288,0.99943213530178465209
1289,0.99994533531527796111
1290,0.99581964686623380967
1291,0.99581964686623380967
1292,0.00130271379845527308
1293,0.99965029718101716671
1294,0.99997932110818754659
1295,0.99992678614241892188
1296,0.99977160821380772759
1297,0.99803343128938570850
1298,0.99953378392038205735
1299,0.99992678614241892188
1300,0.99997932110818754659
1301,0.99803343128938570850
1302,0.99920618899686008962
1303,0.99989031811385442605
1304,0.99999567005294565103
1305,0.38739264911375803635
1306,0.99994476750019345435
1307,0.99997932110818754659
1308,0.99780094801819718686
1309,0.99994533531527796111
1310,0.99997932110818754659
1311,0.99997932110818754659
1312,0.99977160821380772759
1313,0.99997932110818754659
1314,0.99997932110818754659
1315,0.99999567005294565103
1316,0.99997932110818754659
1317,0.99997932110818754659
1318,0.99999567005294565103
1319,0.99991163092881651941
1320,0.99985526571498006820
1321,0.99998010512640189695
1322,0.99977160821380772759
1323,0.99997932110818754659
1324,0.00585213302230886464
1325,0.84638641311512408105
1326,0.99964216746743728148
1327,0.99971868765350213604
1328,0.99999567005294565103
1329,0.99998535637079066785
1330,0.99997932110818754659
1331,0.99803343128938570850
1332,0.99989031811385442605
1333,0.02139662240707126614
1334,0.99997932110818754659
1335,0.99994838911653505242
1336,0.99991849398656973413
1337,0.99895162478258936467
1338,0.99946600688424525050
1339,0.99977160821380772759
1340,0.99922729981882363326
1341,0.99997932110818754659
1342,0.99997932110818754659
1343,0.99991163092881651941
1344,0.99994533531527796111
1345,0.99998535637079066785
1346,0.99992678614241892188
1347,0.08002233196400393433
1348,0.99997932110818754659
1349,0.99991849398656973413
1350,0.99696122055163505227
1351,0.99925974217948854150
1352,0.96698116650620025148
1353,0.02446824689190050042
1354,0.99962973404360921936
1355,0.00119118562492625938
1356,0.99977160821380772759
1357,0.99990238390550889580
1358,0.99997932110818754659
1359,0.99989031811385442605
1360,0.36396696292193270184
1361,0.99976890784359662145
1362,0.99911841634102105392
1363,0.00006022901064858566
1364,0.99976890784359662145
1365,0.99999567005294565103
1366,0.99989031811385442605
1367,0.99977160821380772759
1368,0.99806381658926268674
1369,0.99991632789504414358
1370,0.99994533531527796111
1371,0.99962973404360921936
1372,0.61880418977788131940
1373,0.99997932110818754659
1374,0.00006022901064858566
1375,0.99994476750019345435
1376,0.99996113204924019779
1377,0.99997932110818754659
1378,0.00195835136255501649
1379,0.99999567005294565103
1380,0.99997932110818754659
1381,0.08002233196400393433
1382,0.99994533531527796111
1383,0.99940065916115872202
1384,0.99977160821380772759
1385,0.99991849398656973413
1386,0.99988231566863650102
1387,0.99992678614241892188
1388,0.99998010512640189695
1389,0.99994838911653505242
1390,0.99988954110130823238
1391,0.99998535637079066785
1392,0.99621567547814460220
1393,0.99947553747453754536
1394,0.99997932110818754659
1395,0.99994533531527796111
1396,0.99997932110818754659
1397,0.99994533531527796111
1398,0.99993229648978687596
1399,0.99995505660409056414
1400,0.99976890784359662145
1401,0.99999567005294565103
1402,0.99911841634102105392
1403,0.99999567005294565103
1404,0.99986883277441362949
1405,0.99977160821380772759
1406,0.99922729981882363326
1407,0.99581964686623380967
1408,0.99977160821380772759
1409,0.99581964686623380967
1410,0.99994476750019345435
1411,0.99997932110818754659
1412,0.99971868765350213604
1413,0.99998535637079066785
1414,0.09813529267320887650
1415,0.99994533531527796111
1416,0.99806381658926268674
1417,0.99999567005294565103
1418,0.99997932110818754659
1419,0.99994533531527796111
1420,0.99997932110818754659
1421,0.99923732723263913869
1422,0.99999567005294565103
1423,0.00117593197272543326
1424,0.99977160821380772759
1425,0.00035064354725098822
1426,0.99988552487389381618
1427,0.99995335882165758967
1428,0.99989031811385442605
1429,0.99991849398656973413
1430,0.99997932110818754659
1431,0.99994533531527796111
1432,0.99997932110818754659
1433,0.99977160821380772759
1434,0.99943213530178465209
1435,0.04389967188150253885
1436,0.99989031811385442605
1437,0.99998535637079066785
1438,0.99988806848084343937
1439,0.99994476750019345435
1440,0.99983856830109707481
1441,0.99997932110818754659
1442,0.99977160821380772759
1443,0.99994533531527796111
1444,0.99977160821380772759
1445,0.99994045883832682886
1446,0.44790782951969088099
1447,0.99998535637079066785
1448,0.99977160821380772759
1449,0.99985400733972018550
1450,0.99971868765350213604
1451,0.99995505660409056414
1452,0.99990238390550889580
1453,0.31060629151658464275
1454,0.99997932110818754659
1455,0.99992678614241892188
1456,0.15516377154928062687
1457,0.99999567005294565103
1458,0.99962195361763095391
1459,0.47870695273407432024
1460,0.99978476931648108117
1461,0.99953562581595878367
1462,0.99803343128938570850
1463,0.06535949743713982685
1464,0.99998535637079066785
1465,0.99999567005294565103
1466,0.99803343128938570850
1467,0.99995627376783879914
1468,0.99998010512640189695
1469,0.99999567005294565103
1470,0.99997932110818754659
1471,0.99925974217948854150
1472,0.99997932110818754659
1473,0.99860265469084985579
1474,0.47870695273407437575
1475,0.99982511801214657421
1476,0.99977160821380772759
1477,0.99994533531527796111
1478,0.99998535637079066785
1479,0.99999567005294565103
1480,0.00919057612585750389
1481,0.99999567005294565103
1482,0.99998535637079066785
1483,0.03175520652882894007
1484,0.99994533531527796111
1485,0.99999567005294565103
1486,0.99885642693497567191
1487,0.99976890784359662145
1488,0.99999567005294565103
1489,0.17168097238002796856
1490,0.99994533531527796111
1491,0.52340452431999762162
1492,0.47870695273407437575
1493,0.99971868765350213604
1494,0.99803343128938570850
1495,0.99997932110818754659
1496,0.99581964686623380967
1497,0.99989031811385442605
1498,0.99995505660409056414
1499,0.44565835579815094025
1500,0.99971868765350213604
1501,0.99976890784359662145
1502,0.99964216746743728148
1503,0.99989031811385442605
1504,0.99979526622470193953
1505,0.99976890784359662145
1506,0.99895162478258936467
1507,0.99851757701692622771
1508,0.09813529267320887650
1509,0.99994838911653505242
1510,0.99988231566863650102
1511,0.99968914097109551342
1512,0.99906800235305337488
1513,0.99985400733972018550
1514,0.99977160821380772759
1515,0.99997932110818754659
1516,0.06535949743713982685
1517,0.99999567005294565103
1518,0.99997932110818754659
1519,0.99953562581595878367
1520,0.98756292334345363582
1521,0.99991632789504414358
1522,0.97929297968922979223
1523,0.99943213530178465209
1524,0.99977160821380772759
1525,0.99998535637079066785
1526,0.99994533531527796111
1527,0.99999567005294565103
1528,0.99998535637079066785
1529,0.05856698980102784113
1530,0.99994533531527796111
1531,0.99994533531527796111
1532,0.99977160821380772759
1533,0.00011924640263320270
1534,0.99999567005294565103
1535,0.99999567005294565103
1536,0.99988340521132157424
1537,0.99977160821380772759
1538,0.99996113204924019779
1539,0.99581964686623380967
1540,0.99999567005294565103
1541,0.99991632789504414358
1542,0.99993542106538646497
1543,0.99994533531527796111
1544,0.99977160821380772759
1545,0.99989031811385442605
1546,0.00117593197272543326
1547,0.99975312555933937286
1548,0.99920618899686008962
1549,0.99988231566863650102
1550,0.99911841634102105392
1551,0.99998010512640189695
1552,0.02970107033508153152
1553,0.84337353790022540068
1554,0.99977160821380772759
1555,0.99977160821380772759
1556,0.99977160821380772759
1557,0.99803343128938570850
1558,0.59497539480566763448
1559,0.99978476931648108117
1560,0.99965743152840136343
1561,0.99977160821380772759
1562,0.99991849398656973413
1563,0.99998535637079066785
1564,0.99977160821380772759
1565,0.99997932110818754659
1566,0.99922729981882363326
1567,0.99999567005294565103
1568,0.99920618899686008962
1569,0.99988340521132157424
1570,0.00585213302230886464
1571,0.99999567005294565103
1572,0.99977160821380772759
1573,0.99943213530178465209
1574,0.99975903022324785763
1575,0.99997932110818754659
1576,0.99990948739875173956
1577,0.99806381658926268674
1578,0.99999567005294565103
1579,0.99997932110818754659
1580,0.99976890784359662145
1581,0.99997932110818754659
1582,0.99997932110818754659
1583,0.99991849398656973413
1584,0.99999567005294565103
1585,0.99964216746743728148
1586,0.99998535637079066785
1587,0.99991632789504414358
1588,0.99977160821380772759
1589,0.99581964686623380967
1590,0.99803343128938570850
1591,0.99581964686623380967
1592,0.99885642693497567191
1593,0.98968679424555927593
1594,0.99991849398656973413
1595,0.99977160821380772759
1596,0.99994533531527796111
1597,0.99999567005294565103
1598,0.99999567005294565103
1599,0.99994533531527796111
1600,0.99790544544426640350
1601,0.06221535042703443125
1602,0.61344362332395363513
1603,0.53289474193810748570
1604,0.80185922298382128481
1605,0.99704814195172386526
1606,0.06221535042703443125
1607,0.11093719630604953474
1608,0.00698892715073050775
1609,0.11746426564003584203
1610,0.97137962366701791073
1611,0.19971821390970459498
1612,0.98707431159279857003
1613,0.00089850678570303918
1614,0.10295672902867598897
1615,0.02559703901904409468
1616,0.96768688196909191657
1617,0.83308845421320176783
1618,0.46259693221676873032
1619,0.99339866882703398154
1620,0.14041218638534708196
1621,0.99310616041708066337
1622,0.99709845465425861466
1623,0.79971791583197393560
1624,0.43706640741566293862
1625,0.00983504208936203383
1626,0.01782626501716756337
1627,0.02640968128133121609
1628,0.97053789155484460061
1629,0.10240202463776326702
1630,0.98470631030171662523
1631,0.02564636117087953915
1632,0.03406271007076638185
1633,0.96806198046149993797
1634,0.00082431123723503477
1635,0.00601355448299521929
1636,0.04725787723448967442
1637,0.97511255266517171680
1638,0.94266480195072988035
1639,0.14264151193765944869
1640,0.97511255266517171680
1641,0.91741416104110651286
1642,0.42813994963866408572
1643,0.95405125639837362606
1644,0.88624907400323227336
1645,0.99704814195172386526
1646,0.97052375726112971588
1647,0.00650326323342339651
1648,0.79971791583197393560
1649,0.25219279123620175209
1650,0.55512042800484739935
1651,0.83308845421320176783
1652,0.98675544925601865742
1653,0.03502810966833694306
1654,0.88293487433371031781
1655,0.95973094964845628851
1656,0.90736644855943227039
1657,0.53289474193810748570
1658,0.95540815944820556282
1659,0.03355625325314880170
1660,0.90894517642988481576
1661,0.00739446278018937152
1662,0.22295911135353893573
1663,0.95548066082304017321
1664,0.60910434219149423019
1665,0.99756647793988695305
1666,0.02037296580688752537
1667,0.33294187183980883393
1668,0.00117164497627651461
1669,0.97759722376618829465
1670,0.49955947648378978831
1671,0.85692695465106560881
1672,0.95612137778244610242
1673,0.99882971777575246808
1674,0.06372457320663794944
1675,0.97633727759345467767
1676,0.94266480195072988035
1677,0.99954073910008167658
1678,0.16414166062992077699
1679,0.99908069925062059635
1680,0.97947805471066939909
1681,0.17216250974965607856
1682,0.07305132197895609913
1683,0.44242241689050193498
1684,0.00206343312089348656
1685,0.18480901169546756768
1686,0.99954073910008167658
1687,0.00567832453919507596
1688,0.96018373411110136129
1689,0.24966975284448048034
1690,0.00835359132981225959
1691,0.79971791583197393560
1692,0.98526856372272597628
1693,0.00899329090208228314
1694,0.00601355448299521929
1695,0.10181243344981963372
1696,0.51408265844391842769
1697,0.07805969070616337879
1698,0.30089502350465796576
1699,0.86203226630478269055
1700,0.97052375726112971588
1701,0.99616185103916399246
1702,0.81791954143649137077
1703,0.34596988948628931704
1704,0.20916783031164867812
1705,0.96018373411110136129
1706,0.40280185767118109608
1707,0.40280185767118115159
1708,0.79573363605518065977
1709,0.03038429675089567364
1710,0.98691485466910000568
1711,0.97845751280518622472
1712,0.94581823089607697241
1713,0.99134558631029889852
1714,0.09298283188124320531
1715,0.61344362332395363513
1716,0.79573363605518054875
1717,0.02505182283046784170
1718,0.85766350044274008990
1719,0.71392596741468183907
1720,0.66627497517493761148
1721,0.03442414007700691364
1722,0.99410600032190210573
1723,0.98413877210410694030
1724,0.00089850678570303918
1725,0.40280185767118104057
1726,0.99768513098715727594
1727,0.00082431123723503477
1728,0.01177888134846888195
1729,0.46259693221676873032
1730,0.06614366249703185208
1731,0.03038429675089567364
1732,0.29963009060941175887
1733,0.98985573916944735728
1734,0.02580380964836942112
1735,0.98369690044313629063
1736,0.92295171062567771259
1737,0.46259693221676873032
1738,0.97416772836674814240
1739,0.97511255266517160578
1740,0.75727872843520671609
1741,0.09675034306014139440
1742,0.97556779126567183535
1743,0.01636505358091639578
1744,0.44242241689050193498
1745,0.02580380964836942112
1746,0.69193220775381569787
1747,0.61344362332395363513
1748,0.46259693221676873032
1749,0.05813637038223971182
1750,0.04159636205158284694
1751,0.01174423686223096362
1752,0.90894517642988481576
1753,0.01073396080274455905
1754,0.98847908764705594287
1755,0.11886294290139141905
1756,0.26043475019111766988
1757,0.95612137778244610242
1758,0.18891903783640612291
1759,0.01331017186913944703
1760,0.97759722376618829465
1761,0.97845751280518622472
1762,0.99410600032190210573
1763,0.09076356820143975657
1764,0.09259377768023822897
1765,0.14264151193765944869
1766,0.99894883337457096584
1767,0.02037296580688751843
1768,0.94428313691639986782
1769,0.98379271209503948992
1770,0.00739446278018937152
1771,0.99502376257902913625
1772,0.99933318635643575423
1773,0.02849000042595635843
1774,0.90894517642988492678
1775,0.34596988948628931704
1776,0.02550682513180758948
1777,0.99365979451878860829
1778,0.49955947648378967729
1779,0.00343433086012588434
1780,0.03809118670497674969
1781,0.05146031212091134455
1782,0.03983280137311442232
1783,0.94928231899802939520
1784,0.30089502350465802127
1785,0.99908069925062059635
1786,0.39957717193072123107
1787,0.96604394029194984306
1788,0.02037296580688751843
1789,0.72692308098701308161
1790,0.98191819931423451884
1791,0.98379271209503948992
1792,0.02982594628745993334
1793,0.76891782300297828456
1794,0.98705761211749198925
1795,0.06221535042703443125
1796,0.99086431668388874616
1797,0.99647364024569740071
1798,0.01691981771393186174
1799,0.99478931361193556615
1800,0.99654566360107454948
1801,0.06221535042703443125
1802,0.98691485466910000568
1803,0.40635451998878791002
1804,0.01084327002958677087
1805,0.21247096198067066952
1806,0.08940867446572220434
1807,0.01039851837598381942
1808,0.98231436586197407035
1809,0.00375987222776954675
1810,0.99677492484390317617
1811,0.81573528474952616829
1812,0.10105438943811238806
1813,0.16956305322336684416
1814,0.97759722376618829465
1815,0.44956392013963852872
1816,0.11093719630604953474
1817,0.69527897429453611178
1818,0.33294187183980883393
1819,0.00739446278018937152
1820,0.00082431123723503477
1821,0.29963009060941175887
1822,0.85692695465106560881
1823,0.82641403274551838987
1824,0.97511255266517160578
1825,0.99502376257902913625
1826,0.11886294290139141905
1827,0.00860564316948838649
1828,0.99307012848992071152
1829,0.02099495862079985356
1830,0.13501763142085765335
1831,0.99945108894255574317
1832,0.97905619830311052532
1833,0.63256926365302679205
1834,0.04522892454530930140
1835,0.94330205739360539763
1836,0.66627497517493761148
1837,0.01195521562547071509
1838,0.25028346282002517098
1839,0.08940867446572220434
1840,0.63959391334865767220
1841,0.92698362609892370756
1842,0.10879212899265737480
1843,0.96806198046149993797
1844,0.97511255266517149476
1845,0.00109757162108660542
1846,0.52129942282262753395
1847,0.97108458326124191817
1848,0.31483715761286784618
1849,0.39957717193072117556
1850,0.01554932760615718168
1851,0.58780842295740176606
1852,0.00539594030724825559
1853,0.90894517642988481576
1854,0.93456569254805765823
1855,0.12480739823007135081
1856,0.99954073910008167658
1857,0.98751446001375520201
1858,0.00616203892339777914
1859,0.98379271209503948992
1860,0.99492139573611282355
1861,0.22295911135353893573
1862,0.34246024217799803102
1863,0.66076215352274159098
1864,0.02099495862079985356
1865,0.28995966101364722967
1866,0.94799445969628348685
1867,0.99134558631029900955
1868,0.44242241689050199049
1869,0.00089850678570303918
1870,0.95548066082304017321
1871,0.94356821847169558559
1872,0.01892460236268145995
1873,0.99690337500288905836
1874,0.20916783031164867812
1875,0.09259377768023822897
1876,0.16553185760965349882
1877,0.44242241689050193498
1878,0.99410600032190210573
1879,0.78230875712748604300
1880,0.99235596973259432296
1881,0.46259693221676873032
1882,0.92698362609892359654
1883,0.99830138083568376040
1884,0.01247826781978318353
1885,0.00082431123723503477
1886,0.40280185767118109608
1887,0.07550715559509657560
1888,0.01134385714095384814
1889,0.02812081591437532238
1890,0.04520690018469834121
1891,0.07807444070083707777
1892,0.02559703901904409121
1893,0.00853208955697743084
1894,0.00860564316948838649
1895,0.25219279123620175209
1896,0.01077876359589563342
1897,0.85387280010477517589
1898,0.91238409250582086507
1899,0.24966975284448045258
1900,0.11093719630604956250
1901,0.43706640741566293862
1902,0.01240932560478220925
1903,0.99349511574288307258
1904,0.16553185760965349882
1905,0.11609812241703412750
1906,0.94107883930946945039
1907,0.88293487433371020678
1908,0.00759127621158983083
1909,0.02037296580688752190
1910,0.99804056686127828879
1911,0.99365979451878860829
1912,0.00074774589774910766
1913,0.99359610367495687644
1914,0.02145058492978348455
1915,0.98892420512644840791
1916,0.02505182283046784170
1917,0.19971821390970459498
1918,0.00720759672447544592
1919,0.04522892454530930140
1920,0.97511255266517160578
1921,0.00089850678570303918
1922,0.83612233402273661298
1923,0.90894517642988481576
1924,0.02123993299724378364
1925,0.29654439911093971594
1926,0.92541037567446959855
1927,0.27551020816805615876
1928,0.11093719630604956250
1929,0.46259693221676873032
1930,0.99576424449243039483
1931,0.00705201479739455805
1932,0.11093719630604956250
1933,0.03179284808059374551
1934,0.99576424449243039483
1935,0.59957702289189296341
1936,0.00620031287561103542
1937,0.96806198046149993797
1938,0.05813637038223971182
1939,0.99365979451878860829
1940,0.06768533016859086537
1941,0.06263851938313517997
1942,0.85692695465106560881
1943,0.98379271209503948992
1944,0.99707942129140225695
1945,0.99365979451878860829
1946,0.11093719630604953474
1947,0.99901932264478510159
1948,0.98379271209503948992
1949,0.94303995726922895670
1950,0.71839365808319444184
1951,0.96220011387807502512
1952,0.94641276211641323091
1953,0.01366236555982083302
1954,0.00601355448299522016
1955,0.03607593485100858699
1956,0.97996543371999145222
1957,0.99647364024569740071
1958,0.97511255266517160578
1959,0.09076356820143977044
1960,0.01077876359589563342
1961,0.88624907400323227336
1962,0.53289474193810748570
1963,0.93322360814154037278
1964,0.89827660025337607852
1965,0.76041531846047516474
1966,0.07094975197959899060
1967,0.02393960680484723963
1968,0.96462553690546504193
1969,0.79971791583197393560
1970,0.76041531846047516474
1971,0.01782626501716756337
1972,0.96873324996073706394
1973,0.00846576136870164260
1974,0.61863198133024233094
1975,0.98379271209503948992
1976,0.99908069925062059635
1977,0.06614366249703185208
1978,0.76041531846047516474
1979,0.61344362332395363513
1980,0.97633727759345467767
1981,0.94107883930946956141
1982,0.01077876359589563342
1983,0.00983504208936203383
1984,0.99410600032190210573
1985,0.88443540392362385294
1986,0.24092273905385164223
1987,0.06263851938313517997
1988,0.16260978948783794129
1989,0.99566339394079939051
1990,0.98985573916944735728
1991,0.03442414007700691364
1992,0.61344362332395363513
1993,0.80185922298382128481
1994,0.34596988948628931704
1995,0.94641276211641323091
1996,0.97052375726112971588
1997,0.98379271209503948992
1998,0.99405487737199738074
1999,0.06221535042703443125
2000,0.13501763142085765335
2001,0.38919142023309222234
2002,0.97511255266517171680
2003,0.63256926365302690307
2004,0.06069610721095829858
2005,0.97556779126567183535
2006,0.13034842572551291751
2007,0.01610109360843601373
2008,0.00601355448299521929
2009,0.98589100331522638854
2010,0.53289474193810748570
2011,0.46259693221676867481
2012,0.99986053690631238045
2013,0.03993239038977683397
2014,0.09076356820143975657
2015,0.61344362332395363513
2016,0.97052375726112971588
2017,0.07805969070616337879
2018,0.88216990151608076776
2019,0.93322360814154037278
2020,0.99410600032190210573
2021,0.55058443232705378545
2022,0.94900570193791478069
2023,0.98480835827700541341
2024,0.19484536403650007386
2025,0.01073396080274455905
2026,0.00089850678570303918
2027,0.53289474193810748570
2028,0.16642207504436515308
2029,0.91005003570242959388
2030,0.00432141586620997734
2031,0.99566339394079939051
2032,0.05163777763351738714
2033,0.33294187183980883393
2034,0.97096485680719812894
2035,0.61344362332395374615
2036,0.02393960680484723963
2037,0.11886294290139139129
2038,0.81791954143649137077
2039,0.98379271209503948992
2040,0.61344362332395363513
2041,0.06263851938313517997
2042,0.74500701159769489035
2043,0.97905619830311052532
2044,0.35047595966105771215
2045,0.99954073910008167658
2046,0.00125014609642101868
2047,0.99502376257902913625
2048,0.99349511574288307258
2049,0.01077876359589563342
2050,0.93463958400262459048
2051,0.03839642521583739448
2052,0.14264151193765942094
2053,0.66627497517493761148
2054,0.89919799608604955576
2055,0.03327660139806921935
2056,0.82058763022224856520
2057,0.64759796854643481012
2058,0.98379271209503948992
2059,0.98739947893032931070
2060,0.63848225686752746455
2061,0.13501763142085765335
2062,0.99717217032992044867
2063,0.01366236555982083302
2064,0.17556897648861280459
2065,0.40280185767118104057
2066,0.00739446278018937152
2067,0.66076215352274170201
2068,0.00240540648645231605
2069,0.00181169264359164173
2070,0.99565398705819996295
2071,0.49542727837455674544
2072,0.00698892715073050775
2073,0.83308845421320176783
2074,0.00891299239966224406
2075,0.92295171062567771259
2076,0.39957717193072128659
2077,0.34246024217799797551
2078,0.96676807929101404859
2079,0.93908395048476389633
2080,0.88293487433371020678
2081,0.96660984135207639323
2082,0.81329189887731734299
2083,0.69527897429453611178
2084,0.13501763142085765335
2085,0.02393960680484723963
2086,0.61344362332395363513
2087,0.33639409359982180847
2088,0.94971238337038121902
2089,0.52129942282262753395
2090,0.99055401236657103503
2091,0.24966975284448039707
2092,0.07708500678493827862
2093,0.72957949860908244410
2094,0.89318594540649198787
2095,0.00475356107573668592
2096,0.66627497517493761148
2097,0.00650326323342339651
2098,0.88807712332510480024
2099,0.21267173975713896117
2100,0.00962948305634798822
2101,0.00899329090208228314
2102,0.57631398250638521397
2103,0.00181169264359164173
2104,0.03442414007700691364
2105,0.89213824731754332031
2106,0.99704814195172386526
2107,0.51408265844391831667
2108,0.88871473556707947239
2109,0.97382382614592299941
2110,0.19971821390970459498
2111,0.16105209615931562195
2112,0.98739947893032942172
2113,0.03035177675699041872
2114,0.76041531846047516474
2115,0.14429096640159441711
2116,0.41133796744037942617
2117,0.66627497517493761148
2118,0.98283968508491870164
2119,0.02580380964836942112
2120,0.89827660025337596750
2121,0.66627497517493761148
2122,0.85692695465106560881
2123,0.16260978948783794129
2124,0.03038429675089567364
2125,0.99908069925062059635
2126,0.25219279123620175209
2127,0.03327660139806922629
2128,0.05872604981111186062
2129,0.94496337457738632803
2130,0.99417585246409356792
2131,0.94971238337038121902
2132,0.13759995264875407583
2133,0.90495804119860911996
2134,0.00343433086012588434
2135,0.97382382614592299941
2136,0.08251113400421843103
2137,0.04991636684818624020
2138,0.98272873814661143577
2139,0.90894517642988481576
2140,0.03327660139806921935
2141,0.21398918447251011332
2142,0.98379271209503948992
2143,0.28404518766074177138
2144,0.92698362609892370756
2145,0.19971821390970459498
2146,0.99536224320115063158
2147,0.76564141402608532072
2148,0.97955657973620513523
2149,0.93322360814154026176
2150,0.31820166310586051051
2151,0.01166191575186661250
2152,0.96268530581048672445
2153,0.97759722376618829465
2154,0.01077876359589563342
2155,0.99910205427598441918
2156,0.78918066592816049631
2157,0.66627497517493761148
2158,0.10540557481378702576
2159,0.03334832242942995656
2160,0.01331017186913944703
2161,0.92295171062567771259
2162,0.06372457320663794944
2163,0.99908069925062059635
2164,0.99910205427598441918
2165,0.99576424449243039483
2166,0.01610109360843601373
2167,0.99045955407681918192
2168,0.22826087317162996326
2169,0.99819409651284940477
2170,0.84592432112757010021
2171,0.90736644855943227039
2172,0.03220310167741027157
2173,0.16956305322336684416
2174,0.66627497517493761148
2175,0.88293487433371020678
2176,0.40280185767118109608
2177,0.01077876359589563342
2178,0.99156422088271756188
2179,0.61344362332395363513
2180,0.99739802841828617552
2181,0.99134558631029889852
2182,0.00451695660340438888
2183,0.99954073910008167658
2184,0.00074774589774910766
2185,0.85148070801324171608
2186,0.24966975284448048034
2187,0.97759722376618829465
2188,0.99954073910008167658
2189,0.99910205427598441918
2190,0.78918066592816038529
2191,0.08460918772582358416
2192,0.06239683183489320301
2193,0.76041531846047527576
2194,0.99587377238609620100
2195,0.01195521562547071509
2196,0.35253886477660917320
2197,0.76438867941041321874
2198,0.99867052249078780424
2199,0.18355930534854364433
2200,0.00089850678570303918
2201,0.67403156834315114398
2202,0.00739446278018937152
2203,0.90894517642988481576
2204,0.04873180888670957528
2205,0.99410600032190210573
2206,0.00891299239966224406
2207,0.16414166062992080475
2208,0.49955947648378973280
2209,0.90495804119860911996
2210,0.98637088964667396507
2211,0.06221535042703443125
2212,0.03442414007700691364
2213,0.97246871838976267632
2214,0.90894517642988481576
2215,0.98967272748197021581
2216,0.99359610367495687644
2217,0.25044306563186291559
2218,0.07550715559509657560
2219,0.12869117634917007220
2220,0.94266480195072988035
2221,0.61344362332395363513
2222,0.33294187183980883393
2223,0.99565398705819996295
2224,0.01691981771393186174
2225,0.95612137778244610242
2226,0.03038429675089567364
2227,0.09984152323455140754
2228,0.16260978948783794129
2229,0.11093719630604953474
2230,0.99365979451878871931
2231,0.00102646916627181740
2232,0.99310616041708066337
2233,0.99410600032190210573
2234,0.01852941213702243364
2235,0.07805969070616337879
2236,0.00739446278018937152
2237,0.99901932264478510159
2238,0.00125014609642101868
2239,0.63256926365302690307
2240,0.98848570872683061417
2241,0.02627067651869648135
2242,0.34596988948628926153
2243,0.04724885780409845970
2244,0.09249503583194693124
2245,0.00082431123723503477
2246,0.81533767954820879353
2247,0.98848570872683061417
2248,0.97246871838976267632
2249,0.87480714352493926800
2250,0.22295911135353888022
2251,0.49955947648378967729
2252,0.02559703901904409121
2253,0.99901932264478510159
2254,0.89213824731754332031
2255,0.97799027132965299369
2256,0.44242241689050204601
2257,0.98045406486295161308
2258,0.38919142023309227785
2259,0.00089850678570303918
2260,0.05455866162646842710
2261,0.97447850606390140626
2262,0.01331017186913944703
2263,0.99310616041708066337
2264,0.06239683183489320301
2265,0.98310328449047967858
2266,0.63595578105763739263
2267,0.12480739823007136469
2268,0.97511255266517149476
2269,0.21023359628015905742
2270,0.61344362332395363513
2271,0.85766350044274008990
2272,0.97556779126567194638
2273,0.99804056686127828879
2274,0.00082431123723503477
2275,0.05254378750792776387
2276,0.98413877210410694030
2277,0.02218396695295060325
2278,0.84483957753218186237
2279,0.67403156834315114398
2280,0.99954073910008167658
2281,0.66627497517493750046
2282,0.83308845421320176783
2283,0.98675544925601865742
2284,0.01535794608276769974
2285,0.00082431123723503477
2286,0.76110107221708100944
2287,0.40280185767118109608
2288,0.03327660139806922629
2289,0.03038429675089567364
2290,0.05872604981111185368
2291,0.07534883863565820794
2292,0.01096987659335301769
2293,0.00089850678570303918
2294,0.01077876359589563342
2295,0.88293487433371031781
2296,0.13740569252459092220
2297,0.00846552205708461097
2298,0.96268530581048672445
2299,0.00698892715073050775
2300,0.25772727664376526846
2301,0.39364712518818423259
2302,0.02505182283046784170
2303,0.96496835851679962914
2304,0.98209594152875612227
2305,0.90651744742287543311
2306,0.00279229195246486275
2307,0.00567832453919507509
2308,0.99257962547412226240
2309,0.03291090323455237582
2310,0.44784009255258300231
2311,0.04159636205158285388
2312,0.01468037209532056277
2313,0.02393960680484723963
2314,0.95612137778244610242
2315,0.55512042800484739935
2316,0.99492639713064034979
2317,0.03327660139806921935
2318,0.99134558631029889852
2319,0.95602353755938906943
2320,0.49955947648378967729
2321,0.99388109075546215987
2322,0.03286575534584225411
2323,0.97292659729807562385
2324,0.97117373212851254571
2325,0.07805969070616337879
2326,0.01134385714095384814
2327,0.23967874122549975846
2328,0.61344362332395363513
2329,0.90894517642988470474
2330,0.97052375726112971588
2331,0.99359610367495687644
2332,0.99704814195172386526
2333,0.99502376257902913625
2334,0.00180841058123330225
2335,0.97511255266517171680
2336,0.99338777566807978658
2337,0.07131178603700036311
2338,0.99843886487639399441
2339,0.93739667264416037806
2340,0.99704814195172386526
2341,0.97845751280518622472
2342,0.02893595362450052111
2343,0.11093719630604953474
2344,0.47014925883125574524
2345,0.98637088964667396507
2346,0.03502810966833694306
2347,0.19971821390970459498
2348,0.00082431123723503477
2349,0.86390445537076598903
2350,0.98739947893032942172
2351,0.98604222142863051648
2352,0.53289474193810737468
2353,0.01195521562547071509
2354,0.98589100331522627751
2355,0.06655710891364974291
2356,0.03035177675699041872
2357,0.99756647793988695305
2358,0.99878334719638750538
2359,0.14687424749281002834
2360,0.98685247250473817626
2361,0.49955947648378967729
2362,0.98739947893032942172
2363,0.92295171062567771259
2364,0.99687852880658900379
2365,0.02627067651869648135
2366,0.40280185767118109608
2367,0.97511255266517160578
2368,0.98848570872683061417
2369,0.66627497517493772250
2370,0.90495804119860923098
2371,0.98281760987590083278
2372,0.19971821390970459498
2373,0.57099698386692498975
2374,0.97052375726112971588
2375,0.96676807929101404859
2376,0.09298283188124320531
2377,0.00191877527177810670
2378,0.98892420512644840791
2379,0.72085768726394994221
2380,0.94356821847169547457
2381,0.90495804119860911996
2382,0.00082431123723503477
2383,0.00074774589774910766
2384,0.01691981771393186174
2385,0.14264151193765942094
2386,0.02321582161644706807
2387,0.66627497517493761148
2388,0.30089502350465796576
2389,0.90125174034773269938
2390,0.97556779126567183535
2391,0.86603773822421581396
2392,0.53289474193810737468
2393,0.01195521562547071509
2394,0.97000866006714758782
2395,0.02321582161644706460
2396,0.90651744742287543311
2397,0.19971821390970459498
2398,0.88293487433371020678
2399,0.97670412646040327687
2400,0.05146031212091134455
2401,0.00376582338334533525
2402,0.00395659485978478061
2403,0.03315235420759402724
2404,0.00025194040441811177
2405,0.00045572446528004118
2406,0.00010894252695807145
2407,0.01531015760531994653
2408,0.00033266890788619959
2409,0.00221624919313678174
2410,0.00273232251802130090
2411,0.01636794029786362015
2412,0.00007979388170915852
2413,0.00018061388203006044
2414,0.01297619216712009999
2415,0.00529256511274634172
2416,0.00874013852109398887
2417,0.22050704634607007359
2418,0.01121301766181852580
2419,0.01121301766181852753
2420,0.00008236736939527395
2421,0.00015579805527257803
2422,0.00015579805527257803
2423,0.00614528575047315791
2424,0.00012228105308274278
2425,0.00012694811911239108
2426,0.00033836941998552247
2427,0.32294212308506298204
2428,0.00049619679699498061
2429,0.00036324017777408682
2430,0.00070781847207717491
2431,0.00030231261933343729
2432,0.01052940267623040868
2433,0.00218634067513951780
2434,0.00016599818741791432
2435,0.00559472095732522698
2436,0.00447016966175151770
2437,0.04095106159269679830
2438,0.00018061388203006044
2439,0.00869536260456975872
2440,0.01297619216712010172
2441,0.00006151615357969718
2442,0.00062961307358669989
2443,0.00017785346443447794
2444,0.00119458687424111427
2445,0.00009174265343992790
2446,0.00049619679699498061
2447,0.00125940901369908024
2448,0.01121301766181852580
2449,0.00212045362374338811
2450,0.00028261470715562143
2451,0.00032879615270333860
2452,0.00024829702306305106
2453,0.00096356173301632791
2454,0.00282702906054440066
2455,0.00025075894577513682
2456,0.00395659485978478061
2457,0.00282702906054440022
2458,0.00037330644329934158
2459,0.00157651798208894374
2460,0.00021547466569296348
2461,0.00159325182964905341
2462,0.00009755996639751479
2463,0.00087345899046884499
2464,0.00008236736939527395
2465,0.00016794682666808602
2466,0.00130544340336684024
2467,0.00212244230145323129
2468,0.00257978485755404894
2469,0.00008236736939527395
2470,0.00007462448846163867
2471,0.00436314203537568196
2472,0.01297619216712010172
2473,0.00025382007946948972
2474,0.00016470525530362391
2475,0.00015579805527257803
2476,0.00047376440822057334
2477,0.01080965677408864643
2478,0.00161740479904089423
2479,0.01297619216712010172
2480,0.00113273298565873715
2481,0.00543419930169095847
2482,0.00014597120614514165
2483,0.00563811899484357136
2484,0.00376582338334533525
2485,0.04119956726090061305
2486,0.00009224964645896037
2487,0.00649819629829728740
2488,0.00005936912037132821
2489,0.00025535393771867408
2490,0.00153057517543167825
2491,0.00579369859709658735
2492,0.00024122212225559790
2493,0.00037306029080759413
2494,0.00006179637402421126
2495,0.01531015760531994653
2496,0.00128444684256367537
2497,0.00010950500590075940
2498,0.00018209654065395867
2499,0.00016673947635691857
2500,0.00063213859210241698
2501,0.00563811899484357136
2502,0.00075544056125330340
2503,0.00009548812623339034
2504,0.00670616132852469311
2505,0.00074211367822251382
2506,0.22050704634607004584
2507,0.00091910644565217309
2508,0.00009978714062508166
2509,0.53085583123838664399
2510,0.00362937378128324771
2511,0.00015579805527257803
2512,0.00110812455531733686
2513,0.00535941209782891254
2514,0.02337688341592832064
2515,0.00015579805527257803
2516,0.00059309089872870778
2517,0.00015579805527257803
2518,0.01205577708230733645
2519,0.00008236736939527395
2520,0.00016599818741791432
2521,0.00086713708832470099
2522,0.00015579805527257803
2523,0.01080965677408864643
2524,0.00188021156304356936
2525,0.00006519731437075952
2526,0.00007109595255666466
2527,0.00006519731437075952
2528,0.01080965677408864643
2529,0.00335637814124873203
2530,0.00030231261933343729
2531,0.00020458600068436143
2532,0.00018209654065395867
2533,0.00145694803277793749
2534,0.00022450751074528351
2535,0.00087156089183853516
2536,0.00387200010016600354
2537,0.00063213859210241698
2538,0.01121301766181852580
2539,0.00012228105308274278
2540,0.00188653603891859737
2541,0.69620091012470586289
2542,0.00063213859210241698
2543,0.04140055393954810564
2544,0.00015579805527257803
2545,0.00011456802227220470
2546,0.01080965677408864643
2547,0.00047376440822057334
2548,0.00037528741925733829
2549,0.00033266890788619959
2550,0.00026111142703272858
2551,0.00376582338334533568
2552,0.02891633980390615963
2553,0.00729960977320335148
2554,0.00025075894577513682
2555,0.00036870823689856390
2556,0.05354748800451594737
2557,0.01080965677408864643
2558,0.00025035230625419157
2559,0.00053126462497759641
2560,0.00020458600068436143
2561,0.00022450751074528351
2562,0.00019494836324896684
2563,0.00563811899484357136
2564,0.00030477381096693802
2565,0.00037371221819033044
2566,0.00168501532056674025
2567,0.00030231261933343729
2568,0.00015579805527257803
2569,0.00010950500590075940
2570,0.00110935389891007223
2571,0.00021547466569296348
2572,0.00010663604365890485
2573,0.00130544340336684024
2574,0.00141551538183224399
2575,0.00135404102403060395
2576,0.00030231261933343729
2577,0.00097494753729461092
2578,0.00109158537432129028
2579,0.00563811899484357049
2580,0.00020458600068436143
2581,0.00006519731437075952
2582,0.00047376440822057334
2583,0.00026026466856683239
2584,0.00026026466856683239
2585,0.00362937378128324771
2586,0.00122311356239732691
2587,0.00015579805527257803
2588,0.02746497627818815859
2589,0.00161740479904089423
2590,0.00017804531059758248
2591,0.00030231261933343729
2592,0.00543419930169095847
2593,0.00011576587181951612
2594,0.00063213859210241698
2595,0.00395659485978478061
2596,0.00262246209105968225
2597,0.00168501532056674025
2598,0.00059649530977926154
2599,0.00021391979922907314
2600,0.00016470525530362391
2601,0.00611209159177148083
2602,0.00051594759073891492
2603,0.00615643073719649662
2604,0.00016673947635691857
2605,0.00376582338334533612
2606,0.00015579805527257803
2607,0.01121301766181852580
2608,0.00015579805527257803
2609,0.01080965677408864643
2610,0.00097081928431608721
2611,0.00010950500590075940
2612,0.00060673067388061005
2613,0.00058123175288564877
2614,0.00004908925786305651
2615,0.00019329773768571499
2616,0.00763875760407744381
2617,0.00052009994341040144
2618,0.00084321807797335213
2619,0.00008236736939527395
2620,0.03073523939655023463
2621,0.00072160547717538780
2622,0.00006519731437075952
2623,0.00010950500590075940
2624,0.06859828871506740144
2625,0.00113273298565873671
2626,0.00048201309119290706
2627,0.01080965677408864643
2628,0.00395659485978478061
2629,0.00014175898142029905
2630,0.00008337668927121402
2631,0.00395461797403507710
2632,0.00087156089183853505
2633,0.00011576587181951612
2634,0.00011935601819989245
2635,0.10657449438197655334
2636,0.00420719502652398564
2637,0.00218634067513951780
2638,0.00563811899484357136
2639,0.00053254363551005898
2640,0.00515601210708963552
2641,0.00063213859210241698
2642,0.01121301766181852753
2643,0.00063213859210241698
2644,0.00023929018768304567
2645,0.00395659485978478061
2646,0.00343274472919108831
2647,0.01121301766181852753
2648,0.15984678964652213051
2649,0.00047228414425794311
2650,0.00015579805527257803
2651,0.00100806651665320368
2652,0.00010950500590075940
2653,0.00015579805527257803
2654,0.00006519731437075952
2655,0.00052009994341040144
2656,0.00036870823689856390
2657,0.00013366554011206956
2658,0.00015579805527257803
2659,0.00020458600068436143
2660,0.00026111142703272858
2661,0.00025382007946948972
2662,0.00081765736535116486
2663,0.00843605409162866485
2664,0.01121301766181852753
2665,0.00040485684415268291
2666,0.00066662444759371892
2667,0.00007979388170915852
2668,0.00934142277054505164
2669,0.00191581528634255402
2670,0.00028940089738662919
2671,0.00052009994341040144
2672,0.01894377605217760843
2673,0.00030231261933343729
2674,0.00282702906054440022
2675,0.00025075894577513682
2676,0.00015579805527257803
2677,0.00543419930169095847
2678,0.00395659485978478061
2679,0.00012983726043936522
2680,0.01080965677408864643
2681,0.00226290270677817007
2682,0.00248073380849744276
2683,0.00443860704944528534
2684,0.00009450911071814948
2685,0.00008236736939527395
2686,0.00084746103334523834
2687,0.00008337668927121402
2688,0.00059309089872870778
2689,0.00670616132852469311
2690,0.00021850789087854346
2691,0.00017555036274890119
2692,0.00096646965068129082
2693,0.00702246703627831207
2694,0.00395659485978478061
2695,0.00136410945741843978
2696,0.15866710225416533198
2697,0.00015093064411756315
2698,0.00012231096003414445
2699,0.00005330341396338657
2700,0.00046554242248615142
2701,0.00027134418269817015
2702,0.00009978714062508166
2703,0.00238792843373370790
2704,0.00257978485755404894
2705,0.15866710225416533198
2706,0.00028940089738662919
2707,0.00456374959866371818
2708,0.00511704901949215554
2709,0.36133678540606500862
2710,0.00012983726043936522
2711,0.00018061388203006044
2712,0.00013873312413723357
2713,0.00009978714062508166
2714,0.00040899589192729889
2715,0.00091376444995333725
2716,0.00015698328901975995
2717,0.01205577708230733645
2718,0.00563811899484357049
2719,0.01080965677408864643
2720,0.00020458600068436143
2721,0.00069145773468702251
2722,0.00440063062899806109
2723,0.00015579805527257803
2724,0.00050801074045567977
2725,0.01297619216712009999
2726,0.00015579805527257803
2727,0.00012694811911239108
2728,0.00015579805527257803
2729,0.00026832983634683200
2730,0.00091786411723318855
2731,0.00006150749287727960
2732,0.00104368844022835689
2733,0.00060586997370567564
2734,0.00004908925786305651
2735,0.00083034765155773143
2736,0.00161631401819252603
2737,0.00387861122841727740
2738,0.00012228105308274278
2739,0.00376582338334533568
2740,0.11871542518347018291
2741,0.01297619216712009999
2742,0.00078226739510505025
2743,0.00048564537910773201
2744,0.00297890806452641736
2745,0.00008337668927121402
2746,0.00130544340336684024
2747,0.00045122766822742913
2748,0.01297619216712009999
2749,0.00141147791810418075
2750,0.00030477381096693802
2751,0.01297619216712010172
2752,0.00041691703709774495
2753,0.00163904484670606321
2754,0.00015579805527257803
2755,0.00038855404318130656
2756,0.00016673947635691857
2757,0.00063213859210241698
2758,0.22050704634607004584
2759,0.00012228105308274278
2760,0.00563811899484357136
2761,0.00395659485978478061
2762,0.00226290270677816964
2763,0.00036870823689856390
2764,0.01121301766181852580
2765,0.02170549564486791774
2766,0.10165177861310875640
2767,0.00018061388203006044
2768,0.00181798596594138812
2769,0.00015579805527257803
2770,0.00016673947635691857
2771,0.00395659485978478061
2772,0.00016470525530362391
2773,0.00049619679699498061
2774,0.00450955029190061932
2775,0.00018061388203006044
2776,0.00004908925786305651
2777,0.00009978714062508166
2778,0.00028571806809114580
2779,0.00164065226254848083
2780,0.01297619216712010172
2781,0.00035425493544071580
2782,0.00012228105308274278
2783,0.00036870823689856390
2784,0.00107622747882627650
2785,0.00006519731437075952
2786,0.00017804531059758248
2787,0.00015579805527257803
2788,0.69620091012470586289
2789,0.00770101956484631374
2790,0.00014060254811682757
2791,0.00041775373195584596
2792,0.00049585918685203436
2793,0.00006519731437075952
2794,0.00119227943047030120
2795,0.32294212308506298204
2796,0.00015698328901975995
2797,0.00006519731437075952
2798,0.00750367628844678895
2799,0.00038296730847165453
2800,0.00015579805527257803
2801,0.00014175898142029905
2802,0.00073984284845621988
2803,0.00825150018008956841
2804,0.00436314203537568283
2805,0.00129893234436748335
2806,0.01121301766181852580
2807,0.01080965677408864643
2808,0.00014597120614514165
2809,0.00130544340336684024
2810,0.00119373578330264803
2811,0.02813052941438110022
2812,0.00109436666674827339
2813,0.00004754647059317217
2814,0.00563811899484357136
2815,0.00563811899484357136
2816,0.00026631932601412308
2817,0.00125940901369908024
2818,0.00047557457296795269
2819,0.00026111142703272858
2820,0.00009063833803805554
2821,0.00218079022992313364
2822,0.00282702906054440066
2823,0.00029424445606528350
2824,0.00095447886253467891
2825,0.00041700961211964152
2826,0.00012228105308274278
2827,0.00112397485199300698
2828,0.95768238024533602903
2829,0.00012228105308274278
2830,0.00095589788000500510
2831,0.01080965677408864643
2832,0.00030231261933343729
2833,0.00563811899484357136
2834,0.01121301766181852580
2835,0.01080965677408864643
2836,0.01465670222216895746
2837,0.01121301766181852753
2838,0.56750444516834108732
2839,0.00069054018945182241
2840,0.00362937378128324771
2841,0.00543419930169095847
2842,0.00007109595255666466
2843,0.00021951074942666538
2844,0.00046554242248615142
2845,0.00264132522356778790
2846,0.00188653603891859758
2847,0.00282792236791801080
2848,0.00204569953253187949
2849,0.00125940901369908024
2850,0.00018061388203006044
2851,0.00015579805527257803
2852,0.00016470525530362391
2853,0.00015579805527257803
2854,0.10165177861310874252
2855,0.00163904484670606321
2856,0.00019494836324896684
2857,0.00015579805527257803
2858,0.00543419930169095847
2859,0.00047125320517771502
2860,0.00006388422979600876
2861,0.00015579805527257803
2862,0.00030231261933343729
2863,0.01080965677408864643
2864,0.00012231096003414445
2865,0.00056725443201979819
2866,0.01253446114086985766
2867,0.00362937378128324771
2868,0.00014175898142029905
2869,0.00008655873019834619
2870,0.00008337668927121402
2871,0.00023111120191261582
2872,0.00353323286205556612
2873,0.08185426253196662061
2874,0.00022450751074528351
2875,0.00029525826574419771
2876,0.01068181322327892840
2877,0.00030231261933343729
2878,0.00051519694652239127
2879,0.00376582338334533612
2880,0.00009449253071079302
2881,0.00010950500590075940
2882,0.00010950500590075940
2883,0.00030231261933343729
2884,0.08686602221334434326
2885,0.00020458600068436143
2886,0.00033836941998552247
2887,0.00012228105308274278
2888,0.00006503347160359407
2889,0.00136410945741843978
2890,0.00141551538183224399
2891,0.00006519731437075952
2892,0.00161631401819252603
2893,0.00030231261933343729
2894,0.00003011328969524479
2895,0.00289160171158098700
2896,0.00027517123196988975
2897,0.00198122648394956921
2898,0.00008337668927121402
2899,0.00024095667747878045
2900,0.01121301766181852580
2901,0.00020458600068436143
2902,0.00022450751074528351
2903,0.00067427838155879633
2904,0.00025382007946948972
2905,0.00007505761411363298
2906,0.01080965677408864643
2907,0.53085583123838664399
2908,0.00304144450328166366
2909,0.00030231261933343729
2910,0.01863184956783990945
2911,0.00015579805527257803
2912,0.00046554242248615142
2913,0.00056668744561046928
2914,0.00018061388203006044
2915,0.00014597120614514165
2916,0.32294212308506298204
2917,0.00141551538183224399
2918,0.00395659485978478061
2919,0.00026111142703272858
2920,0.03884246759395513365
2921,0.97807740728315095691
2922,0.01121301766181852753
2923,0.01121301766181852580
2924,0.00020594946923987474
2925,0.00023059220807289450
2926,0.00090982000296915941
2927,0.00010950500590075940
2928,0.00020458600068436143
2929,0.00022450751074528351
2930,0.00005558813872974264
2931,0.00903214073338405588
2932,0.00015579805527257803
2933,0.00094142821378119784
2934,0.00058396045346473236
2935,0.00048787755663590621
2936,0.00356804918042421572
2937,0.00012694811911239108
2938,0.00272450239535261974
2939,0.00310000072075305739
2940,0.01419188593940829204
2941,0.00163904484670606321
2942,0.01080965677408864643
2943,0.00022366511444310872
2944,0.00041691703709774495
2945,0.00010894252695807145
2946,0.00026832983634683200
2947,0.00125940901369908024
2948,0.62926045571544564350
2949,0.00049619679699498061
2950,0.00282702906054440066
2951,0.00093780373193673536
2952,0.00113273298565873715
2953,0.00052927919813350517
2954,0.01080965677408864643
2955,0.00395659485978478061
2956,0.00563811899484357049
2957,0.00121165360393164713
2958,0.00008337668927121402
2959,0.00032037951785527893
2960,0.00051519694652239127
2961,0.00030564579410733182
2962,0.00436314203537568196
2963,0.00886835665439691771
2964,0.00256240640425304351
2965,0.01421440530636298646
2966,0.00376582338334533568
2967,0.00064184526655238698
2968,0.00728233822313676359
2969,0.00010950500590075940
2970,0.00013366554011206956
2971,0.00329768849472823365
2972,0.00164065226254848083
2973,0.12391566142101932690
2974,0.00771413108400205872
2975,0.00021595669067495083
2976,0.00007131564105960440
2977,0.00042590178716892283
2978,0.00562009715528098697
2979,0.00016673947635691857
2980,0.00036870823689856390
2981,0.00010950500590075940
2982,0.00026631932601412308
2983,0.00021391979922907314
2984,0.00012694811911239108
2985,0.00012736938927376492
2986,0.00060060452824750262
2987,0.00387200010016600354
2988,0.00161740479904089423
2989,0.00006503347160359407
2990,0.00016470525530362391
2991,0.00025382007946948972
2992,0.01121301766181852580
2993,0.00046265015156555486
2994,0.00003684765090266052
2995,0.00094412239447873487
2996,0.01764406278449816290
2997,0.00035238488920089534
2998,0.00050375389287672493
2999,0.00601247897367643107
3000,0.00090053341264123771
3001,0.05112797785099953973
3002,0.00005330341396338657
3003,0.00005330341396338657
3004,0.00030231261933343729
3005,0.00022885620135919854
3006,0.04140055393954809870
3007,0.01080965677408864643
3008,0.00012694811911239108
3009,0.00395659485978478061
3010,0.00012694811911239108
3011,0.00376582338334533568
3012,0.00221624919313678174
3013,0.10672770691374384999
3014,0.01297619216712009999
3015,0.00030231261933343729
3016,0.00009548812623339034
3017,0.01121301766181852580
3018,0.00015579805527257803
3019,0.00015579805527257803
3020,0.00073984284845621977
3021,0.00073984284845621977
3022,0.00121272554997105416
3023,0.00016470525530362391
3024,0.01121301766181852753
3025,0.01080965677408864643
3026,0.01080965677408864643
3027,0.00029525826574419771
3028,0.01080965677408864643
3029,0.00559472095732522698
3030,0.01531015760531994653
3031,0.00207420338311354582
3032,0.00027311994388245570
3033,0.00031746231284142954
3034,0.00125940901369908024
3035,0.00012231096003414445
3036,0.00016207109601780836
3037,0.00010950500590075940
3038,0.00185786746899536969
3039,0.00012927228540084016
3040,0.01121301766181852753
3041,0.01121301766181852580
3042,0.00021149543769253279
3043,0.01121301766181852753
3044,0.00653046637688372948
3045,0.00047489533903027583
3046,0.00018485813074783260
3047,0.00012228105308274278
3048,0.00250822838140357879
3049,0.08616969937831778226
3050,0.00030231261933343729
3051,0.00030231261933343729
3052,0.00307541161555257604
3053,0.00006519731437075952
3054,0.00282702906054440066
3055,0.00070825896664692670
3056,0.00272328067850217395
3057,0.00982824450651965074
3058,0.00940352733729775750
3059,0.00282702906054440066
3060,0.00653046637688373035
3061,0.00010931567531955186
3062,0.00015194319161667018
3063,0.00010483898305392074
3064,0.00653046637688372948
3065,0.00016206463767680910
3066,0.01080965677408864643
3067,0.00036870823689856390
3068,0.00011967090404357921
3069,0.00010894252695807145
3070,0.01121301766181852580
3071,0.00238462495446739196
3072,0.00178444582258176091
3073,0.01121301766181852580
3074,0.00024122212225559790
3075,0.00013483501622062359
3076,0.00030477381096693802
3077,0.00563811899484357136
3078,0.01121301766181852580
3079,0.00019240190885765339
3080,0.00018209654065395867
3081,0.01250806950072110534
3082,0.00436314203537568283
3083,0.01184659201460923870
3084,0.00068252024486967298
3085,0.00040456893738174298
3086,0.04070553580089086854
3087,0.00008236736939527395
3088,0.00015579805527257803
3089,0.00052009994341040144
3090,0.00282702906054440066
3091,0.00010950500590075940
3092,0.00003992860017545637
3093,0.02905132192846034481
3094,0.00015579805527257803
3095,0.00052927919813350517
3096,0.00563811899484357136
3097,0.05387509635519314305
3098,0.00019717957611449730
3099,0.00033342335787773950
3100,0.00007131564105960440
3101,0.01297619216712009825
3102,0.00015579805527257803
3103,0.00012228105308274278
3104,0.00012273527133987655
3105,0.02507206515185304851
3106,0.01121301766181852753
3107,0.00032037951785527893
3108,0.01121301766181852580
3109,0.00016673947635691857
3110,0.00062961307358669989
3111,0.00653046637688373122
3112,0.00073813885348095231
3113,0.00015579805527257803
3114,0.00054748290689609735
3115,0.00089383558715416106
3116,0.01121301766181852580
3117,0.00083989262974960041
3118,0.00005039823876574764
3119,0.00008337668927121402
3120,0.00021391979922907314
3121,0.00017555036274890119
3122,0.00012694811911239108
3123,0.12057544762554456286
3124,0.00010589368820963590
3125,0.00362937378128324771
3126,0.00376582338334533612
3127,0.00077840563856820485
3128,0.00008236736939527395
3129,0.32294212308506298204
3130,0.00006388422979600876
3131,0.00079895499105003375
3132,0.00013262113099053662
3133,0.00030231261933343729
3134,0.00188646373629765968
3135,0.01080965677408864643
3136,0.00012927228540084016
3137,0.00107622747882627650
3138,0.00113273298565873671
3139,0.00020458600068436143
3140,0.01121301766181852580
3141,0.00015579805527257803
3142,0.00015579805527257803
3143,0.00071217390451149801
3144,0.00653046637688372948
3145,0.01080965677408864643
3146,0.00010950500590075940
3147,0.00020458600068436143
3148,0.00047557457296795269
3149,0.09260968654893707297
3150,0.01121301766181852753
3151,0.00158560947745764371
3152,0.00015698328901975995
3153,0.00362937378128324771
3154,0.01121301766181852580
3155,0.00036870823689856390
3156,0.00087156089183853494
3157,0.00059649530977926143
3158,0.00017804531059758248
3159,0.00073813885348095231
3160,0.00059722435569334949
3161,0.00771413108400205872
3162,0.00074211367822251382
3163,0.00038119502348044559
3164,0.00161740479904089423
3165,0.00054748290689609746
3166,0.00012228105308274278
3167,0.15866710225416533198
3168,0.01764406278449816290
3169,0.00013145059253897586
3170,0.00172459873700847002
3171,0.00025075894577513682
3172,0.00032094701944344330
3173,0.00021149543769253279
3174,0.00045340134385825288
3175,0.00825150018008956841
3176,0.00012694811911239108
3177,0.00063213859210241698
3178,0.00017785346443447794
3179,0.00066662444759371903
3180,0.00017555036274890119
3181,0.00011609752915522105
3182,0.00158560947745764371
3183,0.00059309089872870778
3184,0.00012228105308274278
3185,0.00052147969705355847
3186,0.00009548812623339034
3187,0.00015698328901975995
3188,0.00010637287405155600
3189,0.00028887231198396435
3190,0.00061339057180398438
3191,0.00055436943284929729
3192,0.00035425493544071575
3193,0.00009978714062508166
3194,0.00009978714062508166
3195,0.00015579805527257803
3196,0.00038180175500268296
3197,0.00122311356239732691
3198,0.00010579468172478800
3199,0.00015579805527257803
3200,0.01121301766181852580
3201,0.99996567983014938985
3202,0.99993136201596599655
3203,0.99999835854008578551
3204,0.99933784605234210474
3205,0.99933203992120367420
3206,0.99997582680984720138
3207,0.99968252681195712839
3208,0.98467826661409851852
3209,0.99998445590330442556
3210,0.99996509717957426933
3211,0.99995338343653294988
3212,0.99999784811568692700
3213,0.99999829282706709233
3214,0.99957284263314227779
3215,0.99999917620701250787
3216,0.99991646207246154265
3217,0.99991350637069698060
3218,0.99998692537179956208
3219,0.99999987592826566907
3220,0.99999460731264355751
3221,0.99990712921971536264
3222,0.99999957098333691619
3223,0.99999480229512371920
3224,0.99990453404657542169
3225,0.99995226474474174783
3226,0.99995494335071100078
3227,0.99995373078680538370
3228,0.99999650229526426681
3229,0.99999502069090029366
3230,0.70276454147806943773
3231,0.99787896350404470258
3232,0.99611062228176594502
3233,0.99656281422485670785
3234,0.99999842200948940718
3235,0.62878446377716967763
3236,0.85566829621049411703
3237,0.99999977641573367659
3238,0.99996077310596243048
3239,0.99821738087153832897
3240,0.96736550548564603780
3241,0.99999746940011724483
3242,0.99998408774186342551
3243,0.97097545025837084243
3244,0.99999862370724701410
3245,0.99998806228241865490
3246,0.99965487349071457945
3247,0.99999769268782678910
3248,0.99990862686490533662
3249,0.99998863394223547196
3250,0.99994414050524271786
3251,0.99999650229526426681
3252,0.99982702770239573198
3253,0.99999931300101718712
3254,0.29748798176497326384
3255,0.99999693802314215674
3256,0.99999884652412218689
3257,0.99999940336675730013
3258,0.99958496699064824931
3259,0.99988517753442995861
3260,0.99999939654809577583
3261,0.99999882158601471893
3262,0.99968384441706359400
3263,0.99999922547089015179
3264,0.98364189444767258230
3265,0.99941291195619208487
3266,0.99905478836766958839
3267,0.99965411523327429855
3268,0.99921345902269065320
3269,0.99990848478176153069
3270,0.99962286517310305900
3271,0.99995575462154051571
3272,0.99998530269352736699
3273,0.01665639291345463041
3274,0.99999631397697141821
3275,0.99999738865252196796
3276,0.99986273345363119169
3277,0.99990848478176153069
3278,0.99970832819918997725
3279,0.98882729090817866879
3280,0.99955697557441658407
3281,0.99999759149016820281
3282,0.99955770873415117350
3283,0.98985014481298150280
3284,0.99997546013236726647
3285,0.98085723090706289362
3286,0.99985380421073677404
3287,0.99998969256518632776
3288,0.99952777585128504967
3289,0.99833602439778657001
3290,0.90232248909350554200
3291,0.99954255812151593386
3292,0.98882729090817866879
3293,0.99274940762367636093
3294,0.99993843694424688895
3295,0.99966881337790647333
3296,0.99750467407850729185
3297,0.99988243364357998200
3298,0.99985034502641800813
3299,0.99999060012510576634
3300,0.70269201891402721660
3301,0.99999710633170935115
3302,0.99991306056600837149
3303,0.99595345676668656232
3304,0.99998219195793813796
3305,0.96387045824319206311
3306,0.99999781710535662338
3307,0.99999977345650170601
3308,0.99994723120241046921
3309,0.99986273345363108067
3310,0.99999907504262575131
3311,0.99999519862677777038
3312,0.99999156774865860520
3313,0.99984092271011726361
3314,0.99969228966617895704
3315,0.69961378354262160340
3316,0.99855510524361124070
3317,0.99553055924612665617
3318,0.99999994933511382467
3319,0.99998964856001715251
3320,0.99979441006301084105
3321,0.99999994090111710143
3322,0.99999169788909569867
3323,0.99964265266965124379
3324,0.99999286593863978556
3325,0.45855990336080076908
3326,0.99981008431058460140
3327,0.99996769859845890949
3328,0.99999035805253366771
3329,0.99999916416878964487
3330,0.99999959681252359456
3331,0.99999631397697141821
3332,0.99998983081518666438
3333,0.99999994090111710143
3334,0.99995033275280797991
3335,0.99792089539206874083
3336,0.99972550458629960701
3337,0.99999874636228025526
3338,0.99889358932180094541
3339,0.99997313518893904405
3340,0.98182871681019334709
3341,0.99999761209598436729
3342,0.96866462385633733678
3343,0.99993537690950140551
3344,0.97386629430731819212
3345,0.99978798673959845544
3346,0.99999734949646745807
3347,0.99679013595160637085
3348,0.99779786911756296330
3349,0.99672181203819298911
3350,0.99736548213551101671
3351,0.99302083579178945794
3352,0.99999072100268837637
3353,0.99996177747184711304
3354,0.99937850789371718285
3355,0.99975379324870750075
3356,0.99416548626835199443
3357,0.99480370352955327373
3358,0.99997272215323174116
3359,0.99999724919449373139
3360,0.99993136201596610757
3361,0.99999019399679711650
3362,0.99999874194530724569
3363,0.97378339994646279099
3364,0.99970304665616405160
3365,0.93844136585764004188
3366,0.99846891901600964836
3367,0.99896442719571265645
3368,0.98765958369015538487
3369,0.99998199568271073367
3370,0.99998370027044636288
3371,0.99977918454156244898
3372,0.99997929440729227402
3373,0.96213238812856860527
3374,0.99999994855335061494
3375,0.99848593435569221732
3376,0.99622984425587335355
3377,0.99845803471587324385
3378,0.99997613180269362410
3379,0.99999940073051951650
3380,0.99999150809335490830
3381,0.99807857912876773998
3382,0.99071604580266747764
3383,0.99999941243295842330
3384,0.99993136201596610757
3385,0.99519400598643426026
3386,0.99999543698541992764
3387,0.99999882321893385217
3388,0.97935073657580029582
3389,0.99998770593702090981
3390,0.99956977610607700147
3391,0.99994804265013381706
3392,0.99963073533078850019
3393,0.99998806228241865490
3394,0.99999682134009004741
3395,0.99999497878065191081
3396,0.99999672497891034517
3397,0.99911765269739150064
3398,0.99998638536705775071
3399,0.99996366526343727354
3400,0.99998435669578233931
3401,0.99981533357000018647
3402,0.99999549885989769127
3403,0.99999738865252196796
3404,0.99999738865252196796
3405,0.99103331159138630113
3406,0.99998068528412542566
3407,0.99672181203819298911
3408,0.94425406490956043104
3409,0.99883173773916578142
3410,0.99864750363221210794
3411,0.97643671148328170517
3412,0.99999907504262575131
3413,0.99998943969682430044
3414,0.99999878199017078195
3415,0.98855658367459520175
3416,0.99986481902066293159
3417,0.99999975166953825045
3418,0.99910460498093001114
3419,0.99996616642839453171
3420,0.99639132274449537796
3421,0.99697386353312900109
3422,0.99993794781631450963
3423,0.99999330319650303611
3424,0.99998796520764166029
3425,0.99999771191538433524
3426,0.99999961758958622049
3427,0.99933784605234232679
3428,0.99975252244912560240
3429,0.99995889672291748962
3430,0.99999771442003271282
3431,0.99999427980809318939
3432,0.99981063256773261561
3433,0.99951553032279083499
3434,0.99999201604768794827
3435,0.99997051443176310226
3436,0.99999495863364040726
3437,0.99996481618023902449
3438,0.99999509697435906563
3439,0.99990875572921822378
3440,0.99997603394087608564
3441,0.94676732346955472241
3442,0.99994187463209682765
3443,0.99998848139068929886
3444,0.99999973573560196893
3445,0.99902674009947889378
3446,0.99994508885897481765
3447,0.99998169561624861146
3448,0.99999346264316291144
3449,0.99998825285179249178
3450,0.99999702631806164366
3451,0.99998429954086498483
3452,0.99999375979389226732
3453,0.99997872815461452678
3454,0.99999850776971532795
3455,0.99999833956679096136
3456,0.99587414524890238710
3457,0.99979352927359710357
3458,0.99992115352816268725
3459,0.93736917864552815605
3460,0.99493637353734487583
3461,0.99996949306602134211
3462,0.99999752804272790119
3463,0.99998510911102900245
3464,0.99999994090111710143
3465,0.99435540688139456567
3466,0.99998952777374860990
3467,0.99977918454156244898
3468,0.99968810360737492271
3469,0.99998597298955471668
3470,0.99991796815645672680
3471,0.99999991111338371041
3472,0.99999990105558378417
3473,0.62878446377716956661
3474,0.99999567117434395858
3475,0.99382395859823380313
3476,0.99799851052658272721
3477,0.99978895821890478857
3478,0.99994508885897481765
3479,0.98863387157108240100
3480,0.95544501175926999093
3481,0.99999285472473065095
3482,0.99990848478176141967
3483,0.99999972313961127401
3484,0.99999729847109575243
3485,0.99999673131089716893
3486,0.99800947656163430111
3487,0.99999975166953825045
3488,0.99944571440579921262
3489,0.99993952360799487344
3490,0.99649299759200771209
3491,0.99999958262282762078
3492,0.99998507492676202979
3493,0.99999850776971532795
3494,0.99999569213675731927
3495,0.99991108335750589209
3496,0.99912224422248097078
3497,0.99986273345363108067
3498,0.99999994090111710143
3499,0.88402216860664784015
3500,0.99993384299029730578
3501,0.99839503727361222918
3502,0.99902109184206877579
3503,0.99945416481176807544
3504,0.99999990255910442549
3505,0.99968462920864531451
3506,0.99524241822432935045
3507,0.99997540953594632462
3508,0.99999760825781780493
3509,0.99967148558966623106
3510,0.80896460056832464325
3511,0.99999729602219733504
3512,0.99999709309930340240
3513,0.99954432350156607878
3514,0.83838185596791447995
3515,0.99542350995268991110
3516,0.99904562031386823229
3517,0.99820605481985114071
3518,0.99946673722471279788
3519,0.99988392820922922244
3520,0.99988233992022057528
3521,0.99996870361115963721
3522,0.99966881337790647333
3523,0.99997853792079560709
3524,0.99999826564489069369
3525,0.99999951489284644168
3526,0.99999316992769204937
3527,0.97944062425339395439
3528,0.99999720047974460790
3529,0.94451601977886634476
3530,0.99778131736575215172
3531,0.99993039359863533644
3532,0.99999061906086428309
3533,0.99999481944604362571
3534,0.99972550458629971804
3535,0.93274335600259083989
3536,0.99977489047089507235
3537,0.99325987454233621854
3538,0.99829294051731976012
3539,0.99999909382662277579
3540,0.99997633653547202126
3541,0.97536570137687816917
3542,0.99998401254804192284
3543,0.99987565338998607434
3544,0.99956519791548670284
3545,0.99999723291777742329
3546,0.99456332930082391730
3547,0.99997711962501356631
3548,0.98571928403022324172
3549,0.99806493373395166468
3550,0.99998649265596473157
3551,0.99989487413381805681
3552,0.99999298511220591212
3553,0.99997602701274113102
3554,0.99999646539142938995
3555,0.99923736597734924558
3556,0.99771696802532039428
3557,0.99999784811568692700
3558,0.99535472213309650336
3559,0.98145844154132666493
3560,0.99999850776971532795
3561,0.99957144729226843349
3562,0.99863388600628633096
3563,0.99977624162319944645
3564,0.99999107587327373814
3565,0.99999920066793990259
3566,0.99999991111338371041
3567,0.99795448066506209361
3568,0.99999482869054268086
3569,0.99998785886035002068
3570,0.99999994855335061494
3571,0.99972550458629960701
3572,0.99998834057748009485
3573,0.99995424051870274162
3574,0.99973149826316554112
3575,0.99999053054498199256
3576,0.92222117277950521608
3577,0.99978757855531075194
3578,0.99972550458629960701
3579,0.99998438198775563279
3580,0.99873707563273772525
3581,0.99998751966566423732
3582,0.99999761376814655378
3583,0.99999723291777742329
3584,0.99999977641573367659
3585,0.99475647799356403667
3586,0.99555857933483782318
3587,0.99876858220062569860
3588,0.99999970059083254093
3589,0.99985502038766582711
3590,0.99999192445397611095
3591,0.99998259792932264745
3592,0.99992638401015521143
3593,0.99999883161505831453
3594,0.99999826564489069369
3595,0.99999994855335061494
3596,0.99931066735347773289
3597,0.99995514958367326397
3598,0.99991845255697286987
3599,0.99995357177071420018
3600,0.99994386297626236537
3601,0.07807984993097742688
3602,0.99993125431629248379
3603,0.55954695600537385225
3604,0.99999926388584448045
3605,0.99811136189804228191
3606,0.99856650749627839936
3607,0.72690792365507628237
3608,0.99979991459023576095
3609,0.99999813091270084442
3610,0.99999579454093434627
3611,0.99951283180704419973
3612,0.99999886070344690125
3613,0.99484799566651727076
3614,0.99999771269206794155
3615,0.99998554911503523268
3616,0.99398136552300431212
3617,0.97443219484504173256
3618,0.99993299788298795061
3619,0.99779375437516448777
3620,0.99962636941884974728
3621,0.99982857216949638790
3622,0.99957795750260691747
3623,0.99983554419629228072
3624,0.99990453404657531067
3625,0.94866106475444611501
3626,0.99848619317672326900
3627,0.99908553455782156405
3628,0.99972550458629971804
3629,0.99669119028503805335
3630,0.97574522978799438366
3631,0.99213787223861338305
3632,0.99999666072499093783
3633,0.99980378816732373704
3634,0.99999967351879603950
3635,0.96213238812856871629
3636,0.99996263383610484166
3637,0.98956765820092995600
3638,0.99999972485578747516
3639,0.99993635400570834992
3640,0.99998057647508797885
3641,0.99999603861005215144
3642,0.99999311909001842302
3643,0.99965314997745080561
3644,0.99999833956679107239
3645,0.99999014351101467302
3646,0.99083105263554061004
3647,0.99999748100834418008
3648,0.99564592911073390713
3649,0.99560541568496174758
3650,0.99999132052369366086
3651,0.99999570416057081967
3652,0.99988011184465830361
3653,0.99997573822277308064
3654,0.98450080474529255703
3655,0.99820332506063780276
3656,0.99999930134709857921
3657,0.99997305973928951595
3658,0.99999631308098924087
3659,0.99988424321131497141
3660,0.99998363311335769499
3661,0.99986404846251564216
3662,0.99997613180269362410
3663,0.99984667067674548591
3664,0.99886487018948311167
3665,0.99958169546074182588
3666,0.99998688534089674729
3667,0.99993526110528807571
3668,0.99999326642591446213
3669,0.99997254367565846511
3670,0.99999920066793990259
3671,0.99972550458629971804
3672,0.99999033931631708949
3673,0.99126547047283253278
3674,0.99984253435326120307
3675,0.99983584869408514972
3676,0.99361584064323826837
3677,0.99883000128768439918
3678,0.99999975166953825045
3679,0.98983704041826103825
3680,0.97265586087834410289
3681,0.99999332251866490662
3682,0.99961098192576713917
3683,0.99994508885897481765
3684,0.99929892312723411774
3685,0.99752212949805152409
3686,0.99933784605234221576
3687,0.99646464593766714835
3688,0.99998481024769447778
3689,0.99986273345363108067
3690,0.99999220639627539597
3691,0.99999562021608912055
3692,0.99999908310910712306
3693,0.99997132711703284880
3694,0.99999704763471530811
3695,0.99958353971943980643
3696,0.99990848478176130865
3697,0.99742859387773874502
3698,0.99816848853560657950
3699,0.99949695387905879151
3700,0.99992115352816268725
3701,0.99996623886947855198
3702,0.99999991111338371041
3703,0.99982412661555930544
3704,0.99998178957139460810
3705,0.99999883161505820350
3706,0.99999557541031369734
3707,0.98215885522709189814
3708,0.99999740554360994071
3709,0.99999493724071675249
3710,0.99999564175261157484
3711,0.99999885116959541520
3712,0.99999980637417895668
3713,0.99852457578925335469
3714,0.99668033707437786450
3715,0.99910966874218043454
3716,0.99318203533860971444
3717,0.99936302938208099178
3718,0.90306499027563436055
3719,0.99999443202523763397
3720,0.99992909873327728842
3721,0.99636897263385271195
3722,0.99998487165036653579
3723,0.98761644175017082592
3724,0.99997161251071142729
3725,0.01874549614348191770
3726,0.99889874894944929995
3727,0.99986273345363108067
3728,0.99999955714409605179
3729,0.99990453404657531067
3730,0.99987506956020100191
3731,0.99999794205952219350
3732,0.99999994855335061494
3733,0.99974288029298130631
3734,0.99999680732668017047
3735,0.99865086134520741901
3736,0.94906374179563579574
3737,0.99884049336639468830
3738,0.99922277834672967867
3739,0.99999784811568692700
3740,0.99998825285179249178
3741,0.99969619101684714657
3742,0.99990043385915794438
3743,0.99975988677240668068
3744,0.99828811433545272536
3745,0.99867768001102930064
3746,0.99992860087913160161
3747,0.99868100360797640302
3748,0.99996410580971561988
3749,0.99999718870296705475
3750,0.88009633536078690774
3751,0.99999970059083254093
3752,0.99854799787037895609
3753,0.26083941674624316898
3754,0.99992423116166417874
3755,0.46856235099758153373
3756,0.99676522015941093624
3757,0.99999647987415896111
3758,0.29748798176497326384
3759,0.99942826303600262872
3760,0.99963306520875372385
3761,0.99990848478176141967
3762,0.97327477624777014586
3763,0.99974690366091867322
3764,0.99998653927126635033
3765,0.99999994090111710143
3766,0.99980231095077409798
3767,0.99976241126377696222
3768,0.99999497878065191081
3769,0.99996395256750814085
3770,0.99997661492266221028
3771,0.99999835388084679089
3772,0.99999019399679722753
3773,0.99999922547089015179
3774,0.99784213865764115337
3775,0.99999907504262575131
3776,0.99988870581099453805
3777,0.99852457578925335469
3778,0.99999534270129808444
3779,0.99985574659815457110
3780,0.99649819807054951237
3781,0.96989114028619405339
3782,0.99998638536705775071
3783,0.99999481944604351469
3784,0.99998983081518666438
3785,0.99999602072913729156
3786,0.97443219484504162153
3787,0.99872239258494410752
3788,0.86131900711061049059
3789,0.99844060987839045040
3790,0.99997096851314626331
3791,0.99972550458629971804
3792,0.97892065167350672539
3793,0.99999255519378482671
3794,0.99999956278556989542
3795,0.99984883973297189463
3796,0.99999849166863330474
3797,0.99999962845645451459
3798,0.10060249340381081928
3799,0.99998806228241854388
3800,0.99418872002572178381
3801,0.99991399321094731611
3802,0.99998850023775964768
3803,0.99969067742743644711
3804,0.99931165421773715529
3805,0.99998106444255385750
3806,0.99922380021301127062
3807,0.99981041973318562910
3808,0.99992539794762747007
3809,0.99999810641198483285
3810,0.99999713989586636043
3811,0.99993770884157351375
3812,0.99971733562899611769
3813,0.99999761243368201491
3814,0.95574559929294744531
3815,0.94906374179563579574
3816,0.99356204419432425645
3817,0.99999669192923101857
3818,0.99865086134520741901
3819,0.99972550458629971804
3820,0.99991562031618008710
3821,0.29748798176497326384
3822,0.98918545372848687425
3823,0.99984826669123105791
3824,0.99999277450531021127
3825,0.97599181788457334275
3826,0.99996077714104725231
3827,0.99827686987206143421
3828,0.99999994090111710143
3829,0.99999413638229350809
3830,0.99982595685290365228
3831,0.99997845145664365774
3832,0.99999940073051951650
3833,0.96408415099528088632
3834,0.99999720876215936194
3835,0.99999862370724701410
3836,0.99942548110567019926
3837,0.97549352371075059853
3838,0.99937541209979241508
3839,0.99083105263554061004
3840,0.99999427980809318939
3841,0.99975509315453547909
3842,0.99200477892271243796
3843,0.99961701918047429771
3844,0.99938057281683301269
3845,0.99999633682873334539
3846,0.99995963444426483324
3847,0.99999957979755349502
3848,0.99842547854246244121
3849,0.99991263277400410647
3850,0.99994317229480578213
3851,0.99999945330666362153
3852,0.99999956278556989542
3853,0.99955772233408901606
3854,0.98668549490823120873
3855,0.99996616642839453171
3856,0.99983456490602184985
3857,0.99999987592826566907
3858,0.99998788290734741402
3859,0.99816990791420112661
3860,0.99996853528306262060
3861,0.99995606291664418386
3862,0.99911539805090432420
3863,0.99999456298437083834
3864,0.99982619441317321929
3865,0.99839830301830478909
3866,0.99999527960768985757
3867,0.99999671173797299861
3868,0.99981533357000018647
3869,0.99998614182072187440
3870,0.99997814544178842411
3871,0.99999958262282762078
3872,0.99999636331412466994
3873,0.99999994090111710143
3874,0.99995220755266156498
3875,0.99999595178541855756
3876,0.99999781710535662338
3877,0.99999294702292729209
3878,0.17760873865057805188
3879,0.99995424029702606461
3880,0.95215945070838103881
3881,0.99987073515964641768
3882,0.99999753270184188469
3883,0.99999007168270515056
3884,0.99992116405704301041
3885,0.99999392226361383251
3886,0.99995362359078898695
3887,0.99999977641573367659
3888,0.97737210774087812659
3889,0.98021572515363109002
3890,0.99887994522997824998
3891,0.99983584869408514972
3892,0.99895710982831698033
3893,0.99999811131640314876
3894,0.99972550458629971804
3895,0.99966881337790647333
3896,0.97061427535689603907
3897,0.99999952165632988166
3898,0.99992115352816268725
3899,0.99981391543994724280
3900,0.99997738890934861899
3901,0.99971981738817361496
3902,0.96781035057827813350
3903,0.99994865494493068159
3904,0.98860077496462472890
3905,0.99987492993412074860
3906,0.94220766566131342046
3907,0.99969264010563663181
3908,0.99997521113699183726
3909,0.99952041756141141171
3910,0.99998892872006961419
3911,0.99999184449872691172
3912,0.99972550458629971804
3913,0.99852457578925335469
3914,0.99999954653896350187
3915,0.99998702580365406156
3916,0.99999958262282762078
3917,0.99984512694885274708
3918,0.97443219484504162153
3919,0.99990848478176141967
3920,0.99982359057489622600
3921,0.99999749241990820714
3922,0.99992274925059365653
3923,0.99990765825879024398
3924,0.29748798176497326384
3925,0.99970632596562658545
3926,0.99996326051632999921
3927,0.99999723291777742329
3928,0.99999945330666362153
3929,0.99993629734810562937
3930,0.99997442828582083774
3931,0.99996084323508371838
3932,0.99977881225384446218
3933,0.99999973573560196893
3934,0.99993374512139776566
3935,0.99995357177071420018
3936,0.99999673131089727995
3937,0.99999781710535662338
3938,0.99993576046159593496
3939,0.99998796520764166029
3940,0.99955920832640354767
3941,0.89439516982717226501
3942,0.99965411523327429855
3943,0.99978163478839954248
3944,0.99999834213948068928
3945,0.99882182911807659842
3946,0.99976174006591700394
3947,0.99999921081607812123
3948,0.99972550458629982906
3949,0.99986856832954795760
3950,0.97061427535689615009
3951,0.99994856547873300912
3952,0.29748798176497326384
3953,0.99999764320523765182
3954,0.99990957989432360797
3955,0.99999987584924043826
3956,0.00482018650993554926
3957,0.99998751966566434835
3958,0.99243550871730512597
3959,0.99648098612965163579
3960,0.77745985867416156356
3961,0.99999709309930340240
3962,0.99999972485578747516
3963,0.99776239669820809830
3964,0.99939732963769944973
3965,0.99999774856034451265
3966,0.99999994090111710143
3967,0.99719659506267599447
3968,0.99999572835843975049
3969,0.99988830574412546071
3970,0.99856104819125512950
3971,0.99999994090111710143
3972,0.99998793349188230817
3973,0.99958953125670857442
3974,0.99999641085233137439
3975,0.99990848478176153069
3976,0.99999994855335061494
3977,0.99947149118795042266
3978,0.99998666070674302464
3979,0.99991345887204896581
3980,0.98807789372671861461
3981,0.99977738044179642607
3982,0.99880815269882994301
3983,0.99743139082559573172
3984,0.99993790769844559385
3985,0.86398162554770252530
3986,0.97560858015221885164
3987,0.98021572515363109002
3988,0.99999436437676847422
3989,0.99968468869620219497
3990,0.99996480516847641162
3991,0.99990722688782429639
3992,0.87138943646412470034
3993,0.99999665158703976431
3994,0.99998786896422631187
3995,0.99998057647508797885
3996,0.99992033427112270161
3997,0.99997455914398936105
3998,0.99784213865764126439
3999,0.99999918136387200285
4000,0.99997999051994668207
4001,0.95646822217256421972
4002,0.99994003911405393570
4003,0.99996520530747468047
4004,0.99932059903986281135
4005,0.94278781231124830775
4006,0.84598635236409414073
4007,0.99998917500393125213
4008,0.99896668154613976753
4009,0.99993482646808451442
4010,0.99993144805659495145
4011,0.99920216264156658248
4012,0.99998861237952885173
4013,0.99076564557606350281
4014,0.99536140557555974340
4015,0.99917504770344856002
4016,0.99999950422223149449
4017,0.99977177352148316469
4018,0.99858525596477631936
4019,0.99865328153534305144
4020,0.96596340704268368604
4021,0.99975478586817234650
4022,0.99985336294026783133
4023,0.99967958832024361726
4024,0.97529671252099825463
4025,0.99985160993124311268
4026,0.99985981775490140322
4027,0.99928355807943369804
4028,0.99998826030697851586
4029,0.99814576939750154772
4030,0.99982763183168243959
4031,0.93962557497286602892
4032,0.99991043746091623490
4033,0.99990772710409514534
4034,0.99918746951706238768
4035,0.99034140371234147260
4036,0.85921950537841906836
4037,0.99993044944575959487
4038,0.99991939299288778997
4039,0.99731679287575780712
4040,0.99034140371234147260
4041,0.99896472281998638376
4042,0.99995380381772280831
4043,0.00538790502210098523
4044,0.93962557497286591790
4045,0.64676506019570167982
4046,0.99908138923907419127
4047,0.99950969196680339302
4048,0.98017304166261920439
4049,0.03034887081225340691
4050,0.99993737129677151554
4051,0.99985438960377581719
4052,0.99813938384398748216
4053,0.99540257434811696413
4054,0.23381208006294360024
4055,0.99988494629432578265
4056,0.99829882250208412664
4057,0.99999317931422504468
4058,0.99076564557606350281
4059,0.98419052790230587835
4060,0.99883435924155605790
4061,0.99097950177480742529
4062,0.98800872479198698084
4063,0.99985880141699523538
4064,0.97522667965755416297
4065,0.99605794551769910594
4066,0.99959709487234527092
4067,0.99997878636973147604
4068,0.99964799210456078971
4069,0.99730354548972677264
4070,0.99998004619574631935
4071,0.98573860806984570093
4072,0.95968181104822425365
4073,0.99366261362134455926
4074,0.99922260410625751703
4075,0.99898018781275998990
4076,0.99963602819222818763
4077,0.99931691686241330697
4078,0.99994922802326224875
4079,0.99814576939750154772
4080,0.99996326765969745232
4081,0.99996132754329825065
4082,0.99974953224649787398
4083,0.99977450615639151810
4084,0.99338362292805459930
4085,0.95646822217256410870
4086,0.99988399160255414522
4087,0.99690281485512499682
4088,0.99998854934914094272
4089,0.97862079576296434613
4090,0.94278781231124819673
4091,0.99995521672500620181
4092,0.99829882250208412664
4093,0.99998917500393125213
4094,0.99999186765455061465
4095,0.99659813408715958172
4096,0.99997367181604812636
4097,0.99997105542629471930
4098,0.82070635644527212271
4099,0.92762454669125016249
4100,0.99788758609052730097
4101,0.98736124008482240022
4102,0.99997760786110656550
4103,0.99790380136645273623
4104,0.99425377608781684291
4105,0.99980586222786038686
4106,0.99482542505240523223
4107,0.99997650691846995397
4108,0.99844900556910687328
4109,0.99991064017244879469
4110,0.99979764832998108126
4111,0.99968293650932626981
4112,0.99546931637560731598
4113,0.92248873588877589036
4114,0.99999580139756971686
4115,0.99179281680605801963
4116,0.99951476312715137329
4117,0.99989870132214908605
4118,0.99767638618148646312
4119,0.99985905806662211948
4120,0.99499151079901326789
4121,0.47793996531691346208
4122,0.78549767156079941532
4123,0.99922390092187951538
4124,0.84598635236409414073
4125,0.06137837946399180011
4126,0.99958828684961276156
4127,0.99987315047211811070
4128,0.99076564557606361383
4129,0.99984873299673993063
4130,0.99997920556121655533
4131,0.99999277661981866849
4132,0.98851313045130506652
4133,0.99860868209206543611
4134,0.99898018781275987887
4135,0.99985438960377581719
4136,0.99989758826386687662
4137,0.99535368476945185190
4138,0.99546931637560731598
4139,0.98745798616554691929
4140,0.99983004554139631725
4141,0.99959709487234515990
4142,0.99998853589709901790
4143,0.98736124008482228920
4144,0.99972092814703816810
4145,0.95269798245358083832
4146,0.99295701396567592756
4147,0.99959709487234515990
4148,0.99690643790801514168
4149,0.99867028157553872081
4150,0.99980718531418366624
4151,0.99076564557606350281
4152,0.82070635644527223374
4153,0.94563527878783326663
4154,0.99670088083721464223
4155,0.99938080734981682429
4156,0.99991939299288778997
4157,0.82777371671713184664
4158,0.99874891465862913886
4159,0.99995644852060483476
4160,0.99752361815821377622
4161,0.92427978825828482901
4162,0.04377084060400950050
4163,0.98321901705130620996
4164,0.99536140557555963237
4165,0.99820074645804179880
4166,0.99999440187126109603
4167,0.99988804933279185061
4168,0.99992768577829149734
4169,0.99916750293890688184
4170,0.99808732674281064323
4171,0.99536682337181381364
4172,0.99564975533729271895
4173,0.00673571881988388726
4174,0.99996132754329825065
4175,0.99546931637560731598
4176,0.99076564557606350281
4177,0.99999816787824014064
4178,0.99860868209206554713
4179,0.98940451559652442537
4180,0.98994115730358611671
4181,0.99912760985502846456
4182,0.99744244286020400381
4183,0.73308175695943333938
4184,0.99999561885043775078
4185,0.99753479588244498011
4186,0.99669088630225299852
4187,0.99989163473838682528
4188,0.87986412312053452478
4189,0.99943229699163926849
4190,0.99076564557606350281
4191,0.99997994729139150216
4192,0.98321901705130620996
4193,0.99999892801304901546
4194,0.00872596150353438342
4195,0.00446859796897887580
4196,0.92373757426822766803
4197,0.95646822217256410870
4198,0.99604366748713923929
4199,0.99897572512606735984
4200,0.99076564557606361383
4201,0.99929120858936193450
4202,0.99874891465862924989
4203,0.01447439631536566809
4204,0.99987352988329647463
4205,0.99844900556910687328
4206,0.99740600110535537759
4207,0.99076564557606361383
4208,0.99076564557606350281
4209,0.99995068802698239274
4210,0.99844900556910687328
4211,0.99968256794787913044
4212,0.99993044944575959487
4213,0.99997180843462540878
4214,0.99972171024084333091
4215,0.98813893408761765969
4216,0.99996155735040137547
4217,0.98240824118520853059
4218,0.97577607086632833777
4219,0.96486871225547399256
4220,0.84598635236409425175
4221,0.99813938384398748216
4222,0.01006966501375429653
4223,0.99959709487234515990
4224,0.99220290556203327714
4225,0.99999886139246696448
4226,0.99703652801227204971
4227,0.96796013826845039851
4228,0.99382475558551641726
4229,0.99999100251920181037
4230,0.99992672528139525667
4231,0.99365274964671923552
4232,0.99988350829053984636
4233,0.99998767100628316307
4234,0.99989594137482251668
4235,0.99536140557555974340
4236,0.98994115730358611671
4237,0.99944807375215438672
4238,0.05333308825761698402
4239,0.99813938384398759318
4240,0.99935184264992271697
4241,0.99995928776607589938
4242,0.99140535750184499708
4243,0.97774981605420818731
4244,0.95646822217256410870
4245,0.99998992341339798529
4246,0.99999953186139722838
4247,0.98005234938249718990
4248,0.99987217072040401877
4249,0.99995363188886376982
4250,0.00872596150353438169
4251,0.99998555334399108485
4252,0.99924516702587495853
4253,0.99993282659163196247
4254,0.99998001223902877044
4255,0.87529221019888192590
4256,0.99992703527473059122
4257,0.98226543311420477789
4258,0.99994419220145813743
4259,0.99999874823906487187
4260,0.97728716032899154431
4261,0.02699322799144256158
4262,0.99076564557606361383
4263,0.15810212069321241679
4264,0.99973236806168674917
4265,0.99359693895183642809
4266,0.99999498258709618170
4267,0.99996132754329825065
4268,0.99955105978157210433
4269,0.99813938384398759318
4270,0.99805323835462755877
4271,0.00217204491239626415
4272,0.04377084060400949356
4273,0.92762454669125016249
4274,0.00380004008685377133
4275,0.99578407795342693820
4276,0.99999953186139722838
4277,0.99999675470034177227
4278,0.99422338762928463840
4279,0.99076564557606361383
4280,0.99997312955366512988
4281,0.99845301673117137220
4282,0.99976375231194558602
4283,0.99993282659163196247
4284,0.36035924149585346621
4285,0.99996483427134874589
4286,0.99999370210957572169
4287,0.99694109070763470282
4288,0.99933469845590883196
4289,0.99076564557606350281
4290,0.99996715746226105814
4291,0.99907412190686206710
4292,0.99854181791015250713
4293,0.52980011529837045536
4294,0.99999675470034177227
4295,0.99994419220145802640
4296,0.99536140557555963237
4297,0.07088299547568195635
4298,0.99482542505240523223
4299,0.99076564557606350281
4300,0.99959709487234515990
4301,0.99996899576701314682
4302,0.99985344163890910174
4303,0.91656837146240788261
4304,0.99492165489670891798
4305,0.99993859302193677241
4306,0.95269798245358083832
4307,0.99877280931595047164
4308,0.99999886139246696448
4309,0.99076564557606361383
4310,0.99076564557606350281
4311,0.99961225516486906795
4312,0.87986412312053452478
4313,0.99999033420552374540
4314,0.78549767156079952635
4315,0.99536140557555974340
4316,0.99831716849424423366
4317,0.99983932887955118129
4318,0.99895080101849065279
4319,0.99587949955201537922
4320,0.99622157717326809134
4321,0.99982763183168243959
4322,0.99994419220145813743
4323,0.99994242224029972199
4324,0.89176782417950095638
4325,0.99651701514313550945
4326,0.99985905806662211948
4327,0.99998917500393125213
4328,0.18066158195516368590
4329,0.99694109070763481384
4330,0.99357811664018835796
4331,0.99984712401931263859
4332,0.99994021141929512186
4333,0.99637216578667331390
4334,0.99995763623790623331
4335,0.31400861623465919914
4336,0.99906882564296728422
4337,0.99995949159076591428
4338,0.99995482780594391325
4339,0.99998808352358170559
4340,0.99920274496536409803
4341,0.99999953186139722838
4342,0.99994452192223559628
4343,0.04596866972446852356
4344,0.99868251945250130497
4345,0.98773953714144835381
4346,0.99997663431259831146
4347,0.99710332733707296438
4348,0.99629840241053158056
4349,0.47793996531691346208
4350,0.99665029517433145756
4351,0.99985207866953229594
4352,0.99998699799080836836
4353,0.99707227150920374470
4354,0.99998853589709901790
4355,0.99422338762928463840
4356,0.99722123033612630749
4357,0.97522667965755416297
4358,0.99960352943917729629
4359,0.99990242058365175204
4360,0.99767143275600034258
4361,0.00219586112562054989
4362,0.84598635236409414073
4363,0.21685520860731349879
4364,0.99097950177480731426
4365,0.64676506019570179085
4366,0.99797191128039330899
4367,0.99991939299288790099
4368,0.05412131687149653037
4369,0.99941781273265928309
4370,0.99956929288856954940
4371,0.99991666880516494320
4372,0.99994250709578880176
4373,0.99767531114339547127
4374,0.99993649377139526280
4375,0.99600020600186900399
4376,0.99996899576701314682
4377,0.99993482646808451442
4378,0.99536140557555974340
4379,0.99961179982003889322
4380,0.00740639783245981408
4381,0.99814576939750154772
4382,0.99997121029132640668
4383,0.47793996531691340657
4384,0.95619643708910662117
4385,0.99989870132214908605
4386,0.01993855545323634099
4387,0.98961089273272251354
4388,0.98994115730358611671
4389,0.99690281485512488580
4390,0.99989163473838682528
4391,0.99997594188107441493
4392,0.99999953186139722838
4393,0.99985312633641210134
4394,0.99999557070615030518
4395,0.99959709487234527092
4396,0.99997524134239945681
4397,0.99937902434977765598
4398,0.15810212069321241679
4399,0.99995763623790623331
4400,0.99999267155324056411
4401,0.99722123033612630749
4402,0.99767531114339547127
4403,0.99212685084738538865
4404,0.99897540486772407053
4405,0.31400861623465925465
4406,0.99872555968839038520
4407,0.99304668081060398777
4408,0.99690281485512499682
4409,0.99976838600223294495
4410,0.99536140557555974340
4411,0.99999758642782754503
4412,0.99076564557606361383
4413,0.98525740457673749439
4414,0.34345993581431100150
4415,0.99767803264346299752
4416,0.84598635236409425175
4417,0.99996971273537937908
4418,0.99995294612514995514
4419,0.99931691686241341799
4420,0.33160353531027025875
4421,0.99955636725408891774
4422,0.99546931637560720496
4423,0.40709694946462060550
4424,0.99985712232766710272
4425,0.99979564188408964753
4426,0.99998853589709901790
4427,0.99998668708009241790
4428,0.98813893408761765969
4429,0.99998141980167631893
4430,0.99996295371970156385
4431,0.73308175695943322836
4432,0.99934082550146097201
4433,0.86501844464000055002
4434,0.99970645366936028431
4435,0.99993302292370533912
4436,0.99999407173511056790
4437,0.99929212725301497233
4438,0.00624840774980546954
4439,0.99998656459632484506
4440,0.99975293142121446355
4441,0.99220290556203338816
4442,0.99935184264992271697
4443,0.99996511529847542654
4444,0.99455456204604841819
4445,0.99996962176515979959
4446,0.99690281485512499682
4447,0.99943229699163915747
4448,0.02622012616356182366
4449,0.99955636725408891774
4450,0.99943900297527699106
4451,0.99496844001805428981
4452,0.91656837146240788261
4453,0.99930606802064048111
4454,0.99996463414719549689
4455,0.99991895941585839935
4456,0.99425377608781695393
4457,0.99798128162566945853
4458,0.99536140557555963237
4459,0.99998699799080836836
4460,0.66493236866572347221
4461,0.73308175695943322836
4462,0.99988804933279185061
4463,0.00146497971441526928
4464,0.99978421709306897203
4465,0.99076564557606350281
4466,0.99955636725408891774
4467,0.99999953186139722838
4468,0.99076564557606361383
4469,0.99961179982003878219
4470,0.99855722614573838580
4471,0.99690281485512499682
4472,0.99999950422223149449
4473,0.99959709487234527092
4474,0.99140535750184510810
4475,0.99918792711556048136
4476,0.99999181518823521131
4477,0.78549767156079941532
4478,0.99955636725408891774
4479,0.99954029016950352027
4480,0.99999842551995710149
4481,0.99508171633802466882
4482,0.99988835256422126108
4483,0.42445276600047304738
4484,0.99076564557606350281
4485,0.99997026675423450470
4486,0.99999040324625032561
4487,0.99995521672500620181
4488,0.99857417575411855371
4489,0.82070635644527223374
4490,0.99993476817123283507
4491,0.99997312955366524090
4492,0.99690281485512499682
4493,0.99997521225671148759
4494,0.99896546886206005755
4495,0.99829350708909325718
4496,0.96887315479536373353
4497,0.99508171633802466882
4498,0.99996405575450553194
4499,0.10268517675389014776
4500,0.99821835477088949329
4501,0.95055687493087381856
4502,0.99974633312175986699
4503,0.90966881233125740369
4504,0.84598635236409414073
4505,0.99996958285242543152
4506,0.99540257434811696413
4507,0.99917504770344856002
4508,0.95646822217256421972
4509,0.99997121029132640668
4510,0.99813627824451389703
4511,0.98419052790230576733
4512,0.99837717208566612026
4513,0.99991835061614953162
4514,0.99368941938810451120
4515,0.99076564557606350281
4516,0.99536140557555974340
4517,0.99932867177496487177
4518,0.99750095583478093353
4519,0.99568413208000161596
4520,0.98212028746480528607
4521,0.99970188715208474495
4522,0.99928355807943380906
4523,0.99992827458314648137
4524,0.99076564557606361383
4525,0.99998917500393125213
4526,0.98212028746480539709
4527,0.99995521672500620181
4528,0.99998558137646131883
4529,0.90152522787651556690
4530,0.99994419220145813743
4531,0.21685520860731349879
4532,0.99724922150667227871
4533,0.99983169530697368899
4534,0.94278781231124819673
4535,0.99959709487234527092
4536,0.99998650383951837028
4537,0.99690281485512499682
4538,0.99998213192198848187
4539,0.99993207470156930672
4540,0.99876027406170575507
4541,0.99998726864786435797
4542,0.99939352747964649293
4543,0.98963649962521682557
4544,0.02084659751893836593
4545,0.99992844060957408736
4546,0.99993145235854330455
4547,0.98052651181349959053
4548,0.99989870132214908605
4549,0.99937975256243449795
4550,0.99983776949079650187
4551,0.99989703991988898579
4552,0.97655593971947662890
4553,0.99988399160255414522
4554,0.99281809203275928066
4555,0.99732991073223675738
4556,0.99998853589709901790
4557,0.99985438960377581719
4558,0.99834771487584961225
4559,0.99996778036634526021
4560,0.99999506361889223260
4561,0.99962720867543775061
4562,0.97055149958929942677
4563,0.99988468091754634237
4564,0.99736850584735958769
4565,0.00157594096215058410
4566,0.99956045375508217887
4567,0.99996368772173938044
4568,0.95646822217256421972
4569,0.99663999131695990563
4570,0.99960836255244700510
4571,0.99980950550935920873
4572,0.84127479600059584808
4573,0.99981651334516241647
4574,0.99999177419979445869
4575,0.98017304166261920439
4576,0.73308175695943333938
4577,0.99959709487234527092
4578,0.94044845953826128326
4579,0.99996326765969745232
4580,0.95968181104822425365
4581,0.98212028746480539709
4582,0.99979850684485993551
4583,0.99987363473747170595
4584,0.99916559513518765634
4585,0.99977694661961913347
4586,0.99076564557606350281
4587,0.99999832752343764675
4588,0.07525291835597021362
4589,0.99988399160255414522
4590,0.99946692836261008530
4591,0.99996495187835932050
4592,0.99961179982003878219
4593,0.98505570627469607459
4594,0.99945685586514709797
4595,0.93212206381844675551
4596,0.99996335884029408092
4597,0.99910399484697931527
4598,0.99821544402492634607
4599,0.99989924327153434369
4600,0.90966881233125751471
4601,0.99750095583478082251
4602,0.99988399160255414522
4603,0.99546931637560731598
4604,0.99076564557606350281
4605,0.99995084341583817533
4606,0.99587949955201526819
4607,0.99674026245278568581
4608,0.99983815408890641674
4609,0.99711860948637354163
4610,0.09101780204600948276
4611,0.99988689007425335387
4612,0.82070635644527212271
4613,0.99076564557606350281
4614,0.99998917500393125213
4615,0.99799609539813483039
4616,0.99986566220719141906
4617,0.99997869949829099046
4618,0.99076564557606350281
4619,0.99983815408890641674
4620,0.99940573550809785885
4621,0.99973136050281985465
4622,0.99988008541829209719
4623,0.78549767156079952635
4624,0.99416163616255404101
4625,0.97055149958929953780
4626,0.99767531114339536025
4627,0.98658514800049923466
4628,0.99997367181604812636
4629,0.99986347951608089968
4630,0.99996931368238839433
4631,0.99425377608781684291
4632,0.99986115416586041071
4633,0.87986412312053452478
4634,0.99771047873818163865
4635,0.99998853589709901790
4636,0.99999886139246696448
4637,0.98525740457673749439
4638,0.99456810169327025672
4639,0.99947780169461586386
4640,0.99999762202615261053
4641,0.31400861623465925465
4642,0.99974508997364219809
4643,0.99967030408716150980
4644,0.99998853589709901790
4645,0.99988915133329836493
4646,0.99997362906351672240
4647,0.99893856655942514511
4648,0.99936607401343890977
4649,0.97341806983222334271
4650,0.99997196544397248807
4651,0.99985734624191513475
4652,0.99979776072484027871
4653,0.99711860948637354163
4654,0.00172343079999034434
4655,0.01053308828552911892
4656,0.99536140557555974340
4657,0.99950969196680350404
4658,0.98240824118520853059
4659,0.99782447775801141887
4660,0.99995363188886376982
4661,0.99991939299288778997
4662,0.99713373123202608816
4663,0.99764126295384214504
4664,0.99844900556910698430
4665,0.94785960064123486735
4666,0.99536140557555974340
4667,0.78549767156079952635
4668,0.99985662944254483087
4669,0.99969326462263707889
4670,0.99959709487234527092
4671,0.99576774301497927855
4672,0.99992220044070223572
4673,0.99995816991027486331
4674,0.00510371104557407178
4675,0.99990078083066291637
4676,0.99998009310643531933
4677,0.99508171633802466882
4678,0.26791733511807691581
4679,0.99986566220719130804
4680,0.99905247506765271215
4681,0.99076564557606350281
4682,0.99220290556203327714
4683,0.99995763623790623331
4684,0.99993634944824438815
4685,0.99563236078161609921
4686,0.99998905224771905687
4687,0.89176782417950095638
4688,0.99989924327153445471
4689,0.99962244101595221224
4690,0.99961179982003878219
4691,0.99749693652702298152
4692,0.99999786737213747223
4693,0.99575128100203258441
4694,0.99575128100203258441
4695,0.99802508013800239617
4696,0.99690281485512499682
4697,0.99998917500393125213
4698,0.99968293650932626981
4699,0.99997734593808840220
4700,0.98970412687196240853
4701,0.99998480008361323446
4702,0.99999392058710090403
4703,0.99536140557555963237
4704,0.99147245475613954291
4705,0.99948599268475457613
4706,0.99995326971708198283
4707,0.99959709487234527092
4708,0.14704674277045462483
4709,0.99999675470034177227
4710,0.99970916318103308917
4711,0.99661919225398076794
4712,0.99992718950090508923
4713,0.99910399484697931527
4714,0.99983262372916847927
4715,0.99153851248681335040
4716,0.36035924149585341070
4717,0.99970802297749861154
4718,0.99690281485512499682
4719,0.99928439816437908405
4720,0.99997427294749641202
4721,0.94278781231124830775
4722,0.99995949159076591428
4723,0.99977612372868174262
4724,0.99629840241053146954
4725,0.64676506019570179085
4726,0.97980650236637178985
4727,0.99983747984054027746
4728,0.99994501528007118107
4729,0.99750095583478093353
4730,0.99959709487234515990
4731,0.99995482780594391325
4732,0.99988399160255414522
4733,0.49805144927465971882
4734,0.99981069401749589343
4735,0.99937406578075138608
4736,0.99997878636973147604
4737,0.99973102975498595590
4738,0.99992865405563080561
4739,0.99904274791617486695
4740,0.58436010056095999410
4741,0.99999600924834575189
4742,0.99996359342506213608
4743,0.99935293053226847970
4744,0.99983104448605386594
4745,0.99605794551769910594
4746,0.99999531319027301635
4747,0.97840950670567816694
4748,0.99964165067147625621
4749,0.98839104960130652611
4750,0.99984344294937643749
4751,0.00292567337668269258
4752,0.99536140557555963237
4753,0.99991649680559435698
4754,0.99997027888956235842
4755,0.84598635236409425175
4756,0.99993044944575959487
4757,0.99933469845590883196
4758,0.99999253584227654201
4759,0.99999886139246696448
4760,0.99870131616045554335
4761,0.99856480879414832863
4762,0.33160353531027020324
4763,0.99994961909765966990
4764,0.99935023616132934166
4765,0.99998319688887560286
4766,0.99972672310046484245
4767,0.14190539997839185515
4768,0.99994922802326224875
4769,0.99865989044794445384
4770,0.99203228123742326350
4771,0.99989758826386687662
4772,0.91656837146240788261
4773,0.99923351421905026726
4774,0.99787938401157483259
4775,0.99991370723866890291
4776,0.99999892801304901546
4777,0.99993718401312792210
4778,0.99991370723866890291
4779,0.98371925268784132790
4780,0.99416163616255404101
4781,0.99974816012824996303
4782,0.99976514914756708929
4783,0.96370126169256764559
4784,0.99990712486855970464
4785,0.99989821045587989889
4786,0.99944863094602598430
4787,0.99980586222786038686
4788,0.99983951738383569641
4789,0.99982742936893376218
4790,0.99055972059755115211
4791,0.99076564557606361383
4792,0.99782013619821186001
4793,0.99981010162302441646
4794,0.99999040324625032561
4795,0.99994945357110787132
4796,0.99991895941585839935
4797,0.64676506019570179085
4798,0.99955688759049998726
4799,0.99990344700067579353
4800,0.99999758642782754503
4801,0.36794728066839510472
4802,0.20615378664700567679
4803,0.11225848849382903671
4804,0.00307476122973152554
4805,0.20838599784883232724
4806,0.22545060971993921561
4807,0.20838599784883227173
4808,0.00383753750278012550
4809,0.98524371319120995771
4810,0.40676120136616816803
4811,0.07125335279286218459
4812,0.02151876383094571132
4813,0.98863641143230474029
4814,0.01983140250582679856
4815,0.20185683391968442524
4816,0.16251331514209044204
4817,0.88468028653635910619
4818,0.05382957569607540321
4819,0.00465271639466988390
4820,0.24517665052105377943
4821,0.22545060971993918786
4822,0.03399115356595679843
4823,0.57829459750687517428
4824,0.53795535232704549955
4825,0.99654517264622100026
4826,0.00238739516023513771
4827,0.01671797923624978102
4828,0.91518770694917606079
4829,0.28808034273241711620
4830,0.36794728066839516023
4831,0.01458840166569864635
4832,0.60821044784888211865
4833,0.02047418702516741809
4834,0.99251879681340549055
4835,0.20185683391968442524
4836,0.25217471534799773547
4837,0.95460514666689177954
4838,0.80184399395522032439
4839,0.08151684836453292060
4840,0.44714879616604913393
4841,0.97256108914289474132
4842,0.02131317056457873726
4843,0.05380705882403732238
4844,0.98834479577334255485
4845,0.50289123697410054170
4846,0.02711521022086847005
4847,0.44714879616604913393
4848,0.10255706152213410476
4849,0.00729910372144243220
4850,0.09769369155541339500
4851,0.07774829433073317253
4852,0.02031164622667849459
4853,0.03315562418495567737
4854,0.98807432245420767636
4855,0.00192321262288569126
4856,0.08004642255521965399
4857,0.10104568261666736773
4858,0.34636361247148200748
4859,0.01131578869903044661
4860,0.08066883662679713574
4861,0.13649250017712921679
4862,0.05026240200355331506
4863,0.02150156958251104103
4864,0.01710461511003792678
4865,0.99983310763791244380
4866,0.99011384782851397102
4867,0.99202747408550995267
4868,0.02485836741079873111
4869,0.95571593701072421467
4870,0.88760582071674432036
4871,0.17611397762686836765
4872,0.61702228193486685637
4873,0.32747189549313299173
4874,0.16990340367770231933
4875,0.10635737257569333192
4876,0.84363692485027819146
4877,0.01727731881368517464
4878,0.87625945410575234451
4879,0.20615378664700567679
4880,0.00213109219995824767
4881,0.99989270565772725430
4882,0.11582154367056972377
4883,0.39575834745967541917
4884,0.16827912543058581862
4885,0.75955198735427065238
4886,0.99199519364718991010
4887,0.86621082284836847798
4888,0.00914029417792305669
4889,0.99346641516509215375
4890,0.24517665052105377943
4891,0.86938980094079043592
4892,0.02564900368984658272
4893,0.01411916786413179060
4894,0.28795340793892554299
4895,0.07793420519443212957
4896,0.00757245585656391492
4897,0.19526266465569211417
4898,0.36794728066839510472
4899,0.00074393738256149514
4900,0.19722697043097245362
4901,0.90311455910585181073
4902,0.54037372747205314472
4903,0.07677858814134072563
4904,0.01001500707107600210
4905,0.11225848849382902284
4906,0.29996200806954825824
4907,0.00148548448073996977
4908,0.06193560307345556681
4909,0.71071687662014126907
4910,0.00090565951300823795
4911,0.80295665608106714384
4912,0.03619830869580085986
4913,0.06613122158667533723
4914,0.88053229910058472552
4915,0.02466695803891746919
4916,0.05857168400606063002
4917,0.33004316630223640150
4918,0.01291940729642816060
4919,0.24517665052105377943
4920,0.01611486495677117228
4921,0.10635737257569333192
4922,0.17969591287297251303
4923,0.00818544063797827827
4924,0.33590828495163965739
4925,0.99480875571596372176
4926,0.05616549344390204396
4927,0.03899491994405288736
4928,0.66923171098743594598
4929,0.18574277655489401795
4930,0.16827912543058584638
4931,0.01865481148796743760
4932,0.02468589971400090080
4933,0.20838599784883227173
4934,0.00317114521449165599
4935,0.10104568261666736773
4936,0.04646855576165683649
4937,0.24019956164401620735
4938,0.01424600701824188000
4939,0.81710394771258310076
4940,0.96044174397603132576
4941,0.99950820537486584350
4942,0.25530460450433245523
4943,0.04493819912200415490
4944,0.61702228193486685637
4945,0.33837766742963321098
4946,0.08573978118962100048
4947,0.59366843791626489057
4948,0.00626010544731110587
4949,0.75216217636632054511
4950,0.44714879616604918944
4951,0.36794728066839510472
4952,0.20185683391968439748
4953,0.35558680593514285784
4954,0.17407023950405875468
4955,0.11631188280434619220
4956,0.02131317056457873726
4957,0.19096961308991866613
4958,0.06318107970072765756
4959,0.14427913222356578138
4960,0.12627042582936509607
4961,0.01374394002191282535
4962,0.50877299309640611202
4963,0.24019956164401615184
4964,0.00558876906691947381
4965,0.02131317056457873726
4966,0.00017343222929064940
4967,0.88931062365816127002
4968,0.84363692485027808043
4969,0.04796547717104756442
4970,0.38901134505433326849
4971,0.00147824892676484470
4972,0.06613122158667533723
4973,0.00305618326490778242
4974,0.74845228067957481066
4975,0.07482834259669751686
4976,0.60541510212287563686
4977,0.00093151139531828320
4978,0.05243141489591948007
4979,0.96971354253792230171
4980,0.50289123697410065272
4981,0.06971181436751559823
4982,0.22545060971993918786
4983,0.07351106288502827490
4984,0.95052158810791109733
4985,0.19153879842766050046
4986,0.04286115625935198875
4987,0.74205723948469948237
4988,0.84363692485027808043
4989,0.95460514666689177954
4990,0.47163098428070482360
4991,0.06174688991376441755
4992,0.15669457859094607088
4993,0.59653657068565590915
4994,0.20185683391968439748
4995,0.15747946199109319476
4996,0.09769369155541339500
4997,0.00195103088919948799
4998,0.93539344745953989513
4999,0.01838366197329284121
5000,0.10570976766852062390
5001,0.00796487843863940247
5002,0.97801437864901630270
5003,0.99285939580807547333
5004,0.17969591287297251303
5005,0.14771420905933246859
5006,0.01107769431922530495
5007,0.01624808369023585455
5008,0.11225848849382903671
5009,0.17919915742592545937
5010,0.00546793841427056088
5011,0.04202966020987360801
5012,0.00090748746783318734
5013,0.28795340793892543196
5014,0.00769499980008074395
5015,0.08151684836453292060
5016,0.88490407356312694720
5017,0.11225848849382902284
5018,0.90575378782992543858
5019,0.61811823337241977860
5020,0.98652655526884514003
5021,0.26987838932317559371
5022,0.04814629347691058714
5023,0.25862150537719197363
5024,0.96256032546226666380
5025,0.18636265866682169556
5026,0.95290271010160476628
5027,0.94453424416878295489
5028,0.16819250671926411211
5029,0.14070282499089822870
5030,0.11225848849382902284
5031,0.75955198735427065238
5032,0.83493340783729974586
5033,0.36794728066839510472
5034,0.16827912543058581862
5035,0.12820256224448264848
5036,0.01211366828872915101
5037,0.07250319651488837391
5038,0.99950820537486584350
5039,0.19777444626338003264
5040,0.83493340783729952381
5041,0.07250319651488837391
5042,0.05172714236318280701
5043,0.03548138539987028689
5044,0.04814629347691057326
5045,0.87477707256517422962
5046,0.07628263208994376376
5047,0.47437739722799648900
5048,0.09186941513135482573
5049,0.22545060971993921561
5050,0.17466472078567527038
5051,0.36507434156650270252
5052,0.70814976164683429705
5053,0.69957213193878142743
5054,0.76200708582276566183
5055,0.02131317056457873726
5056,0.21235137241509521866
5057,0.03933631332620439458
5058,0.00877552130192693451
5059,0.39575834745967553019
5060,0.07569506197722616903
5061,0.24669497069409102030
5062,0.50289123697410065272
5063,0.07774829433073315865
5064,0.11878809355392157265
5065,0.15286674171615616258
5066,0.20838599784883232724
5067,0.02006275405290807931
5068,0.43193991191410729957
5069,0.95460514666689177954
5070,0.90761702373580643854
5071,0.01160417470721589878
5072,0.64780439582524251829
5073,0.05321122350952783853
5074,0.02131317056457873726
5075,0.18042945892471590197
5076,0.25217471534799767996
5077,0.25217471534799773547
5078,0.10852120818161102578
5079,0.01336557136598869565
5080,0.73993655861209284286
5081,0.92551944442415967629
5082,0.99194417620631758492
5083,0.98478959326356896309
5084,0.01064745639362950358
5085,0.34636361247148195197
5086,0.16819250671926411211
5087,0.00826024737050840875
5088,0.00213109219995824767
5089,0.01131578869903044661
5090,0.63153684852119651438
5091,0.01771930534950198061
5092,0.32780276524948603889
5093,0.61702228193486685637
5094,0.89724828391470901057
5095,0.14427913222356578138
5096,0.68932424676750370107
5097,0.06911195483758759972
5098,0.95504461548834551632
5099,0.99383149009224458492
5100,0.98478959326356896309
5101,0.01238014085532067668
5102,0.04814629347691058020
5103,0.96941691133986584994
5104,0.14325756151642932146
5105,0.01765610260629075362
5106,0.82914247631788939863
5107,0.50289123697410054170
5108,0.99480875571596372176
5109,0.02131317056457873726
5110,0.03036172627958173137
5111,0.22545060971993921561
5112,0.34489972280347647171
5113,0.03858462921445765526
5114,0.22545060971993918786
5115,0.05001516814733390770
5116,0.79792382704541986449
5117,0.61797210812141301073
5118,0.00280221499971436763
5119,0.16827912543058584638
5120,0.16819250671926411211
5121,0.36794728066839510472
5122,0.50289123697410065272
5123,0.36794728066839516023
5124,0.89002599186747111126
5125,0.02064065539585544298
5126,0.92090441106147924444
5127,0.93510401670202214497
5128,0.00213109219995824767
5129,0.61702228193486685637
5130,0.44615489741809954971
5131,0.02324969575837464511
5132,0.06184517220070157723
5133,0.19411043794418403330
5134,0.00280221499971436720
5135,0.97250346476520943551
5136,0.24517665052105377943
5137,0.17375569110304678322
5138,0.95443056478309329371
5139,0.86754388085903333394
5140,0.00526438057168990801
5141,0.89002599186747111126
5142,0.01738848041917435625
5143,0.99011384782851397102
5144,0.20185683391968442524
5145,0.80184399395522032439
5146,0.98129455032887658028
5147,0.02198644478023988394
5148,0.99479704543370561787
5149,0.03992186633734470108
5150,0.25530460450433245523
5151,0.22545060971993918786
5152,0.11631188280434621996
5153,0.00093151139531828320
5154,0.98722263700658030583
5155,0.01983140250582679856
5156,0.01984748008989581022
5157,0.95944295739316409755
5158,0.68663532726129006267
5159,0.03901748571763394985
5160,0.07677858814134075338
5161,0.17969591287297251303
5162,0.01086456108267408807
5163,0.49337676617474868213
5164,0.01765610260629075362
5165,0.92385056855528946418
5166,0.11631188280434620608
5167,0.97982176407663135187
5168,0.99652533745201343773
5169,0.02564900368984658618
5170,0.02073012843068226807
5171,0.86138664658833075105
5172,0.14427913222356575362
5173,0.04626766215617873074
5174,0.00209544696173015509
5175,0.04607367532253139886
5176,0.36794728066839510472
5177,0.50289123697410065272
5178,0.19096961308991863837
5179,0.10852120818161103966
5180,0.05737373776064560310
5181,0.20185683391968439748
5182,0.00166851825352092530
5183,0.87625945410575245553
5184,0.00195291408135954891
5185,0.21777918192927978036
5186,0.07677858814134072563
5187,0.98363096423318419070
5188,0.00195291408135954891
5189,0.02006275405290808625
5190,0.02073012843068226807
5191,0.20185683391968439748
5192,0.03064471954585881383
5193,0.99825040414284149648
5194,0.94584171351928858495
5195,0.04814629347691058020
5196,0.02841790510506315287
5197,0.06318107970072767143
5198,0.00516108253087954518
5199,0.28132092311006640095
5200,0.20615378664700567679
5201,0.90700418516718406270
5202,0.28155425864307814798
5203,0.70242303460445409957
5204,0.96617477232717408064
5205,0.25217471534799773547
5206,0.05263179107836979398
5207,0.31329354093905381617
5208,0.00077105430014208812
5209,0.61797210812141289971
5210,0.06664990714808989580
5211,0.97876942615755746502
5212,0.83718464318667684676
5213,0.01169771402235067828
5214,0.02197313826192973454
5215,0.50289123697410054170
5216,0.19096961308991866613
5217,0.00945347893450804166
5218,0.03185697966506408074
5219,0.00414866966227893982
5220,0.00641037797201775717
5221,0.18790561681035497510
5222,0.01107769431922530495
5223,0.00597861860714297803
5224,0.01838366197329284121
5225,0.17919915742592545937
5226,0.04144058054433898131
5227,0.10635737257569333192
5228,0.00525571768918602425
5229,0.44714879616604918944
5230,0.32872719911469489018
5231,0.96016392070392975189
5232,0.15943856649932500180
5233,0.25217471534799773547
5234,0.11878809355392157265
5235,0.13731592609398529659
5236,0.17815761950427236315
5237,0.36794728066839510472
5238,0.50289123697410065272
5239,0.12627042582936509607
5240,0.10825424728098789751
5241,0.98828861356925501447
5242,0.10635737257569333192
5243,0.20838599784883229948
5244,0.10973900900102491474
5245,0.91004218929271551985
5246,0.00276838379640788898
5247,0.06738988783120206105
5248,0.87279789998397772077
5249,0.39575834745967541917
5250,0.36794728066839510472
5251,0.50289123697410054170
5252,0.11697880395933087094
5253,0.00119701474752694176
5254,0.99346641516509215375
5255,0.02258676215376503871
5256,0.96121774596970177562
5257,0.03327209881217716575
5258,0.07893421384655195661
5259,0.10556462427151638850
5260,0.02733281810133153522
5261,0.99346641516509215375
5262,0.37871731110485246097
5263,0.69957213193878142743
5264,0.14427913222356575362
5265,0.44730182299236015409
5266,0.04363202157877450055
5267,0.90659146245072652626
5268,0.36794728066839510472
5269,0.00119701474752694176
5270,0.00383753750278012550
5271,0.06147058060317800443
5272,0.98022542162388870413
5273,0.00473806602655533170
5274,0.22150002640425867084
5275,0.01254556624100262863
5276,0.21235137241509519090
5277,0.88053229910058461449
5278,0.44097609230615153475
5279,0.69957213193878142743
5280,0.11225848849382902284
5281,0.50289123697410054170
5282,0.01587707129441778831
5283,0.01890490289786843359
5284,0.94935413811280000562
5285,0.02260478516341752828
5286,0.03390876292467110559
5287,0.83718464318667684676
5288,0.18354494134435797581
5289,0.01624808369023585108
5290,0.96810102158985478216
5291,0.00402640656337786753
5292,0.36794728066839510472
5293,0.40676120136616816803
5294,0.07567527498136999986
5295,0.63153684852119651438
5296,0.93404934183091226085
5297,0.12813007762608752405
5298,0.96587982544174966204
5299,0.00193424418989743816
5300,0.88293523714236010758
5301,0.03624303481392077142
5302,0.00182473322111619983
5303,0.04853124888636625722
5304,0.10635737257569333192
5305,0.03710827741450842265
5306,0.98652067652854813495
5307,0.10635737257569333192
5308,0.05321122350952783853
5309,0.98439615952235326457
5310,0.33004316630223640150
5311,0.01131578869903044661
5312,0.38901134505433332400
5313,0.06075324598814803995
5314,0.28795340793892543196
5315,0.02787579616006535810
5316,0.00383753750278012550
5317,0.68001591582894516108
5318,0.02857079137678126407
5319,0.03933631332620439458
5320,0.69453458067772344542
5321,0.19579455472868467769
5322,0.00637957460011372851
5323,0.00637957460011372851
5324,0.99011384782851397102
5325,0.83089947417167320243
5326,0.68932424676750370107
5327,0.33590828495163965739
5328,0.07774829433073315865
5329,0.09186941513135479798
5330,0.76315866370939766661
5331,0.36794728066839510472
5332,0.95054649096230192651
5333,0.86613907050561811385
5334,0.44714879616604918944
5335,0.44714879616604913393
5336,0.33590828495163965739
5337,0.50289123697410065272
5338,0.33004316630223640150
5339,0.00757245585656391492
5340,0.88760582071674432036
5341,0.03709817231605122556
5342,0.27403965471584457170
5343,0.00665010496630030583
5344,0.68932424676750370107
5345,0.88164688456411921536
5346,0.08573978118962100048
5347,0.22545060971993916010
5348,0.20988867274519620865
5349,0.01967898115703164974
5350,0.09271135530452143114
5351,0.90311455910585181073
5352,0.43140600225910918919
5353,0.00683481558673360631
5354,0.79938477095103821490
5355,0.08134517863346459043
5356,0.73558883669578312148
5357,0.01509636726455951782
5358,0.02064065539585544645
5359,0.05877607646151904869
5360,0.03219454634507164237
5361,0.34093248247071633594
5362,0.99148156004868115421
5363,0.50289123697410065272
5364,0.44714879616604918944
5365,0.33590828495163960188
5366,0.00479420115494745558
5367,0.99750999956472086172
5368,0.44714879616604918944
5369,0.00402640656337786753
5370,0.01890490289786843706
5371,0.06065559912805009585
5372,0.03611471845830813154
5373,0.94450371525709753140
5374,0.00094406792443997849
5375,0.00307476122973152554
5376,0.87921603446109886093
5377,0.00017343222929064940
5378,0.01111541663717120244
5379,0.16251331514209041429
5380,0.04612015617238259674
5381,0.99011384782851408204
5382,0.22545060971993918786
5383,0.98439615952235326457
5384,0.00093151139531828320
5385,0.94439781328070460109
5386,0.64780439582524251829
5387,0.54937630514171531537
5388,0.99531490325578508838
5389,0.01774431237315189994
5390,0.12888936655863006409
5391,0.01850153043566147432
5392,0.98652067652854813495
5393,0.00182473322111619983
5394,0.70814976164683418602
5395,0.84931218403221842017
5396,0.00534357707333120522
5397,0.99476951489865250711
5398,0.02972843163652032217
5399,0.00857230928765669205
5400,0.57425846588204398913
5401,0.02759597198666510418
5402,0.39575834745967547468
5403,0.23282859220973442516
5404,0.28795340793892548747
5405,0.03483051967765154328
5406,0.02828405208012768970
5407,0.33590828495163960188
5408,0.91442287163791624582
5409,0.00826024737050840875
5410,0.04286115625935198875
5411,0.24669497069409102030
5412,0.84154824118553828161
5413,0.33590828495163965739
5414,0.28132092311006640095
5415,0.56284762720206027442
5416,0.99011384782851397102
5417,0.94794209856571109984
5418,0.00466164970304309111
5419,0.03180070120726143784
5420,0.95946016025196112498
5421,0.99194417620631758492
5422,0.00213109219995824767
5423,0.24955738875517946562
5424,0.64600581552091207449
5425,0.06227533350724989702
5426,0.07569506197722616903
5427,0.36794728066839510472
5428,0.76315866370939755559
5429,0.50289123697410065272
5430,0.36794728066839510472
5431,0.98881044375974558314
5432,0.02528345270999031794
5433,0.05404480393472754773
5434,0.06126785032116334462
5435,0.14353741746852621830
5436,0.10104568261666738160
5437,0.02851823481457143108
5438,0.06850462024686192197
5439,0.05492317904836465509
5440,0.00350031658973008622
5441,0.97256108914289474132
5442,0.00213109219995824767
5443,0.10428721339559367254
5444,0.42504603841162508227
5445,0.07858957954350984099
5446,0.17617480127900275733
5447,0.92907469511236351334
5448,0.98964795210229095090
5449,0.97801437864901630270
5450,0.08066883662679713574
5451,0.84657856100928330356
5452,0.00508328181430517737
5453,0.04053175949518755122
5454,0.61797210812141301073
5455,0.33590828495163965739
5456,0.07793420519443212957
5457,0.10104568261666735385
5458,0.00642693516661233498
5459,0.01424600701824188000
5460,0.01351247676529837918
5461,0.85340392501034112449
5462,0.93572640754231417581
5463,0.03115455873148358784
5464,0.61797210812141289971
5465,0.00704913041032304618
5466,0.98447099317364572535
5467,0.82464516497315787369
5468,0.76200708582276566183
5469,0.19096961308991863837
5470,0.09273514313102040885
5471,0.90659146245072652626
5472,0.02841790510506315287
5473,0.44714879616604918944
5474,0.07858957954350984099
5475,0.00350031658973008622
5476,0.01141788400806234560
5477,0.47813250191281336798
5478,0.05350575050987931708
5479,0.01616269121731556818
5480,0.00626010544731110761
5481,0.99947447762661534298
5482,0.11225848849382902284
5483,0.22545060971993918786
5484,0.02073012843068226807
5485,0.07774829433073315865
5486,0.00895157596666823138
5487,0.38735630792451852811
5488,0.87625945410575245553
5489,0.99783962389059011056
5490,0.00017343222929064940
5491,0.39575834745967553019
5492,0.07569506197722615515
5493,0.21235137241509519090
5494,0.95840739190370893841
5495,0.09769369155541340888
5496,0.81989591619132007327
5497,0.06849168593702692487
5498,0.34093248247071633594
5499,0.04814629347691058020
5500,0.00465271639466988390
5501,0.44714879616604918944
5502,0.12885864676185801447
5503,0.10104568261666738160
5504,0.09356887018753284879
5505,0.07569506197722615515
5506,0.04202966020987361495
5507,0.93969238763562001893
5508,0.07677858814134072563
5509,0.10635737257569333192
5510,0.18354494134435794805
5511,0.12498021316267317327
5512,0.03677107207232711145
5513,0.28795340793892548747
5514,0.07665080329929679914
5515,0.98850425901234206805
5516,0.44714879616604918944
5517,0.02005719399875007664
5518,0.99383149009224458492
5519,0.53795535232704549955
5520,0.07858957954350984099
5521,0.51290028089904649011
5522,0.05321122350952784547
5523,0.98294461375213670884
5524,0.08066883662679712186
5525,0.81078305665323813223
5526,0.24830618116855551758
5527,0.00844725314264212560
5528,0.02972843163652032217
5529,0.99737790002189141703
5530,0.00977312587238435629
5531,0.15747946199109319476
5532,0.02103706869934901871
5533,0.83493340783729963483
5534,0.00307476122973152554
5535,0.04044646915980427970
5536,0.26540656466598783192
5537,0.55124965473603293464
5538,0.01149430121269668162
5539,0.99832169636749756858
5540,0.99148156004868115421
5541,0.70814976164683429705
5542,0.04213092229504444147
5543,0.10104568261666739548
5544,0.93548412773628297767
5545,0.93177337637031765194
5546,0.83493340783729963483
5547,0.69957213193878131641
5548,0.00524130177681454614
5549,0.00056838533852221777
5550,0.02002499244427106279
5551,0.06318107970072767143
5552,0.06075324598814803995
5553,0.05116167620954129025
5554,0.09186941513135482573
5555,0.06318107970072767143
5556,0.99479704543370550685
5557,0.99476951489865250711
5558,0.00884453147791353436
5559,0.98980805429584739485
5560,0.40676120136616822354
5561,0.50877299309640611202
5562,0.01616269121731556818
5563,0.24517665052105377943
5564,0.18244156844461220657
5565,0.09675838063114375331
5566,0.44349631316176651996
5567,0.99590541990474101830
5568,0.99441488270125300009
5569,0.14427913222356575362
5570,0.10635737257569333192
5571,0.42515410385649604619
5572,0.18636265866682166781
5573,0.95835872201513694346
5574,0.95446047005300327370
5575,0.06923471630371587360
5576,0.02697352200493933344
5577,0.09215049345094226962
5578,0.83718464318667684676
5579,0.15432725584361325910
5580,0.86868508583532011436
5581,0.08694215861391202393
5582,0.02445788767325052931
5583,0.71071687662014126907
5584,0.54133438966399305414
5585,0.39561904122235341807
5586,0.03486988265603988002
5587,0.00093151139531828320
5588,0.00317114521449165599
5589,0.10104568261666739548
5590,0.02657263201035670389
5591,0.01189992692227678783
5592,0.00280221499971436763
5593,0.00801995090940789065
5594,0.75421627879583541532
5595,0.89724828391470889954
5596,0.18780421073012004696
5597,0.52669341059546448403
5598,0.00581555548611586894
5599,0.53229201769462675120
5600,0.02107056486665218747
5601,0.99995222686797069489
5602,0.00120928452514072597
5603,0.95079599457404795348
5604,0.96773822949548904404
5605,0.97917561904409511353
5606,0.99984756735530677663
5607,0.93545331130564535194
5608,0.00094356381663219439
5609,0.00539865939102413071
5610,0.99987261512387937135
5611,0.98969318388615390436
5612,0.01504473030434099780
5613,0.69272502030718552390
5614,0.12818094149849307284
5615,0.00920465485261122603
5616,0.99317735555809849579
5617,0.99960938443521252239
5618,0.01010078713538367298
5619,0.02720726525559283987
5620,0.99898272953938371810
5621,0.99810926624403728535
5622,0.99977907905567353630
5623,0.05723044980642519319
5624,0.99985549969189690955
5625,0.00570691214700209341
5626,0.99907949082609437408
5627,0.08411043168771069334
5628,0.00431333403836100301
5629,0.99961189430459052030
5630,0.03022499128845258787
5631,0.02720726525559283987
5632,0.99985488056323268413
5633,0.99612407904471911291
5634,0.27375734744370217033
5635,0.60948912732036109041
5636,0.99954709405805841627
5637,0.99274803508056419510
5638,0.99555699015433851695
5639,0.99913100238693874910
5640,0.99882002412213888309
5641,0.99751494973857646187
5642,0.99575513754399802568
5643,0.99149683554819478815
5644,0.18063842355611406387
5645,0.99985549969189690955
5646,0.01510450480602769374
5647,0.66558824617167344773
5648,0.02720726525559283987
5649,0.60124427560708837426
5650,0.98871332941734502153
5651,0.87118783690239187667
5652,0.00651687227977754743
5653,0.99985549969189690955
5654,0.98611381919302232291
5655,0.07729220683795628988
5656,0.99970322689927515469
5657,0.99974526269743846374
5658,0.99586743995605808699
5659,0.26904196523545664821
5660,0.00208843242930481683
5661,0.01273337346630215063
5662,0.68795091562262866702
5663,0.99885470326277858710
5664,0.99960938443521252239
5665,0.99988730535640435448
5666,0.09882164474963464618
5667,0.00072048506912604472
5668,0.98700039992112587051
5669,0.99894729955038741309
5670,0.99221698216614762078
5671,0.99811314398283224048
5672,0.98789961421412686438
5673,0.99676089769044917688
5674,0.99984756735530677663
5675,0.79443788964362149763
5676,0.97917561904409500251
5677,0.01210866043038737530
5678,0.99974985954534101307
5679,0.99276396315453330210
5680,0.97959666123308686281
5681,0.99966831255272992074
5682,0.99885548161911286158
5683,0.99979205779906732410
5684,0.99834154677566588898
5685,0.99907949082609437408
5686,0.00431333403836100301
5687,0.23285446145804042373
5688,0.99801482656586926190
5689,0.01210866043038737530
5690,0.99970309920128874737
5691,0.98304556355475969376
5692,0.58869381924190655742
5693,0.99985506210558616758
5694,0.05241608018711185063
5695,0.99588284415986993992
5696,0.99378771548132915914
5697,0.99771202693364491321
5698,0.96039739554959535628
5699,0.96773822949548904404
5700,0.99463382157279678353
5701,0.04155263778573057426
5702,0.03869945397199294618
5703,0.04031420684936723453
5704,0.99992308485515046801
5705,0.99851447394613379593
5706,0.99932705915446529144
5707,0.98304556355475969376
5708,0.99968051691858617058
5709,0.99971397521769411743
5710,0.99514505757641602557
5711,0.99935595268705912364
5712,0.16902509510183766350
5713,0.98304556355475969376
5714,0.97208870098433830531
5715,0.02049902680196643082
5716,0.99367232938629301842
5717,0.00016247272808420790
5718,0.98369384363654055470
5719,0.99985549969189690955
5720,0.10841404692144959721
5721,0.98933367849098130531
5722,0.99571973721437079252
5723,0.90388429541312464988
5724,0.99982362958188064628
5725,0.00219476370600076107
5726,0.00561574410228416442
5727,0.99885639055918729046
5728,0.99977845705767220963
5729,0.94002475195856483037
5730,0.99960938443521252239
5731,0.99986102812660404560
5732,0.99938504695063867800
5733,0.99974985954534101307
5734,0.01035565381352083862
5735,0.99992308485515046801
5736,0.99668405546898330982
5737,0.02720726525559283987
5738,0.07157129255275172797
5739,0.02288642632274851679
5740,0.97959666123308675179
5741,0.99958551368418202543
5742,0.99935595268705912364
5743,0.01271852115128007527
5744,0.99352684555529335864
5745,0.99968051691858617058
5746,0.01288817794300319008
5747,0.99909526847290452967
5748,0.99938504695063867800
5749,0.00213031382996224303
5750,0.33556905279693050037
5751,0.99987538401522568776
5752,0.99858689635463437906
5753,0.05271070645472255428
5754,0.12387667165859223006
5755,0.00231994213896122769
5756,0.99691828120326941853
5757,0.99555699015433851695
5758,0.99982993047295143363
5759,0.99885548161911286158
5760,0.02720726525559283987
5761,0.99966298214987903137
5762,0.09835548529411841656
5763,0.99974985954534101307
5764,0.01035565381352083862
5765,0.95237556848323423608
5766,0.00004838394866801709
5767,0.99995928863027083722
5768,0.16458776727793480998
5769,0.74414145216712901387
5770,0.00016247272808420790
5771,0.95920085502580798575
5772,0.99944103854157262390
5773,0.99898829798478683273
5774,0.99834963940644838587
5775,0.97917561904409511353
5776,0.02720726525559283987
5777,0.00002798164965372694
5778,0.00027896257245914341
5779,0.99994510088039167961
5780,0.99974985954534101307
5781,0.99471130440210608903
5782,0.90842005821604865368
5783,0.04390150302963637813
5784,0.00017201054874851589
5785,0.76812176771331786007
5786,0.99025738679621977401
5787,0.99094778093696056498
5788,0.01783361305560723920
5789,0.00214246097119495833
5790,0.99760987781110832540
5791,0.02654716585950057939
5792,0.99938504695063867800
5793,0.98835833542000550711
5794,0.00016247272808420790
5795,0.79443788964362149763
5796,0.99907949082609437408
5797,0.02049902680196643082
5798,0.00664955738238019213
5799,0.04474871448832233589
5800,0.99935834834732806264
5801,0.86019354016554883113
5802,0.01210866043038737357
5803,0.99741885982082323370
5804,0.97766737254832958293
5805,0.99532406488877833706
5806,0.99942165258062332089
5807,0.02019300715025721879
5808,0.99998003884440000988
5809,0.99810926624403728535
5810,0.99790074423929331360
5811,0.16458776727793480998
5812,0.99915923871193090822
5813,0.02667806220659932337
5814,0.99900067160434813385
5815,0.00333586971975090990
5816,0.02269824289412631854
5817,0.98931557839143924316
5818,0.01584776141690475912
5819,0.22471799389706201278
5820,0.00016247272808420790
5821,0.99938504695063867800
5822,0.02543204542999665321
5823,0.03231528113408415476
5824,0.74349321176182092685
5825,0.95237556848323423608
5826,0.00098199297390105713
5827,0.00431333403836100301
5828,0.99654062453083158690
5829,0.99998651065319010822
5830,0.00002798164965372694
5831,0.00051475484539789185
5832,0.01131199709406706042
5833,0.79443788964362149763
5834,0.99743938076881111243
5835,0.99899600441926872385
5836,0.85777684643190443836
5837,0.99993051331686488847
5838,0.00009882180391626230
5839,0.99711150788239588660
5840,0.04635906188696370389
5841,0.02720510436308521546
5842,0.99960938443521252239
5843,0.02720726525559283987
5844,0.22584764301804682862
5845,0.99274803508056419510
5846,0.60124427560708837426
5847,0.48370736664155306039
5848,0.01772575164791850150
5849,0.99605476036586104716
5850,0.90620698134682331482
5851,0.94634327367152748511
5852,0.99881901432086561687
5853,0.99974985954534101307
5854,0.99930566062569226027
5855,0.00537301515750011026
5856,0.96773822949548904404
5857,0.07670354166473966617
5858,0.00087473967603677780
5859,0.98447763732744231202
5860,0.00403190738776415623
5861,0.91376920239193903939
5862,0.06455739541456108344
5863,0.99938504695063867800
5864,0.00179659746915727362
5865,0.47823382311805900935
5866,0.52433321574176749991
5867,0.01772999281698287716
5868,0.99821715044560399566
5869,0.99988730535640435448
5870,0.99984917528310812695
5871,0.99495204943261350561
5872,0.99703335492082523217
5873,0.00078777340317969923
5874,0.97346763948112691178
5875,0.10678577745708071889
5876,0.40656609760940626286
5877,0.82436776790749710653
5878,0.97346763948112691178
5879,0.99992308485515046801
5880,0.08411043168771069334
5881,0.58869381924190655742
5882,0.01692752860379087912
5883,0.19205650717619024426
5884,0.99985506210558616758
5885,0.19296557587219570484
5886,0.25953651324174420445
5887,0.99929545138600917031
5888,0.99430575848168012421
5889,0.98931557839143924316
5890,0.11256768081212761845
5891,0.96553999163916126580
5892,0.99958551368418202543
5893,0.99958794718276899882
5894,0.86055077264424617578
5895,0.00307481481061439889
5896,0.99968588989688056401
5897,0.98419341393932868733
5898,0.99888725978237058456
5899,0.99931631679749599595
5900,0.02720726525559283987
5901,0.97766737254832958293
5902,0.99416190574844631733
5903,0.99902222735067158776
5904,0.80428146905284680912
5905,0.02031939801021727388
5906,0.99960938443521252239
5907,0.00010321343076865544
5908,0.98369384363654055470
5909,0.38963623078240444686
5910,0.99908389067675484885
5911,0.99938504695063867800
5912,0.99983203494029426750
5913,0.97959666123308697383
5914,0.99991401164869364582
5915,0.99984756735530677663
5916,0.73209188621440124400
5917,0.99833898013178801190
5918,0.06849297573503976277
5919,0.95920085502580798575
5920,0.98170034931549432500
5921,0.99986439642355195989
5922,0.03188755890767180218
5923,0.99762442177292731671
5924,0.97581999722603351977
5925,0.92160034878736629693
5926,0.42984222700360402714
5927,0.03949033056224954957
5928,0.00481015514476354489
5929,0.99995009860513417443
5930,0.99899600441926872385
5931,0.96769138862902359666
5932,0.00609120840227059691
5933,0.27874436688399034656
5934,0.99938504695063867800
5935,0.00047120390898350707
5936,0.99992308485515046801
5937,0.00098092447905057849
5938,0.00840401460710451208
5939,0.99716513850767329874
5940,0.00897449324310349919
5941,0.97917561904409500251
5942,0.00798717009145518721
5943,0.99974901769388269113
5944,0.99985069634847256737
5945,0.75118944523537045654
5946,0.00627949695290940836
5947,0.01035565381352083862
5948,0.99731516968764977182
5949,0.99938031603894450505
5950,0.00561574410228416442
5951,0.96908531812241738290
5952,0.99969460139072641169
5953,0.87118783690239176565
5954,0.01030961207479701852
5955,0.99753088399081546456
5956,0.67288436347228841594
5957,0.99938504695063867800
5958,0.98765213938598916954
5959,0.99986177814058962987
5960,0.99992308485515046801
5961,0.99907949082609437408
5962,0.01210866043038737704
5963,0.99986439642355195989
5964,0.99980718250293343363
5965,0.99852507489567043919
5966,0.99740322259110691938
5967,0.99885548161911286158
5968,0.98884510961455052147
5969,0.33448703540287044733
5970,0.73434648717469563906
5971,0.99846900446320407951
5972,0.00110284497397066883
5973,0.97208870098433830531
5974,0.99985549969189690955
5975,0.91808420744252594581
5976,0.03376285012065639857
5977,0.97905503756353517986
5978,0.99982993047295143363
5979,0.00609120840227059517
5980,0.99991876344252383912
5981,0.99879271962892512970
5982,0.99915380839218703724
5983,0.00334356582164852716
5984,0.08746903123575841543
5985,0.99961189430459052030
5986,0.99471130440210608903
5987,0.00333586971975090990
5988,0.01264717076581193915
5989,0.99981334534830512695
5990,0.99986102812660404560
5991,0.77177396327103564566
5992,0.99938504695063867800
5993,0.99965202474626280171
5994,0.98582862347405864067
5995,0.98835833542000550711
5996,0.00406906744745551274
5997,0.99035554713895357359
5998,0.99992308485515046801
5999,0.02075281354813986873
6000,0.00270284993510873719
6001,0.00609120840227059517
6002,0.07835190282605246359
6003,0.99885470326277858710
6004,0.99912066627415130338
6005,0.98902580827338970604
6006,0.12921494584447310028
6007,0.99760987781110821437
6008,0.97346763948112691178
6009,0.98404736295970052229
6010,0.99938504695063867800
6011,0.99725487936204437744
6012,0.99840482315643308553
6013,0.99886641084916583111
6014,0.99958551368418202543
6015,0.00031130532605320982
6016,0.68795091562262866702
6017,0.99923617724061430945
6018,0.11191878634223934030
6019,0.99353262389322716253
6020,0.99961189430459052030
6021,0.02443385759490549966
6022,0.99985506210558616758
6023,0.99930960899887455451
6024,0.99424194351704786587
6025,0.93313673874468305858
6026,0.01783361305560723920
6027,0.02865619735095550208
6028,0.99984917528310812695
6029,0.99988730535640435448
6030,0.00431333403836100301
6031,0.02720726525559283987
6032,0.99935595268705912364
6033,0.96644106217711789331
6034,0.99952485566081261670
6035,0.99586743995605808699
6036,0.99986439642355195989
6037,0.99596805675355759568
6038,0.11144067826107535712
6039,0.99931352030965048261
6040,0.02706875995746696462
6041,0.13161069094231558907
6042,0.16194245730913081616
6043,0.00293024840355211088
6044,0.99498466393520357265
6045,0.71092925124376515900
6046,0.97346763948112691178
6047,0.99985364568495249671
6048,0.08005618742571959934
6049,0.90991758644064413275
6050,0.99968485355657532576
6051,0.99992308485515046801
6052,0.01783361305560723920
6053,0.06359784487177283507
6054,0.00090946849716597817
6055,0.81110107658896257732
6056,0.96411775252046727491
6057,0.99911199014019536069
6058,0.88544484512796173270
6059,0.58869381924190655742
6060,0.98185313476948898881
6061,0.99953280609858763395
6062,0.99879271962892512970
6063,0.99960938443521252239
6064,0.99958551368418202543
6065,0.90908109798887681841
6066,0.82849951123537590725
6067,0.99696510165283480642
6068,0.98010941775819360178
6069,0.62836476364435278619
6070,0.99984756735530677663
6071,0.06850447542774250331
6072,0.00305490824251277750
6073,0.01487200682934959259
6074,0.99149683554819478815
6075,0.83030200743914883699
6076,0.99938504695063867800
6077,0.99968588989688056401
6078,0.96231348378755454664
6079,0.99955699801725794718
6080,0.99428283735088707207
6081,0.99982993047295143363
6082,0.99960938443521252239
6083,0.99396033959175167372
6084,0.01101006011658480291
6085,0.91400033135847003063
6086,0.99984917528310812695
6087,0.99853269345269257684
6088,0.99984756735530677663
6089,0.99938504695063867800
6090,0.99743938076881111243
6091,0.99968588989688056401
6092,0.03465638668937112699
6093,0.00431333403836100301
6094,0.17116393623925735268
6095,0.00537301515750010939
6096,0.99930337067296248765
6097,0.01210866043038737530
6098,0.99840490510304402694
6099,0.00302970335910836231
6100,0.99864114326861641580
6101,0.99962916746821539604
6102,0.99888802432671375264
6103,0.05241608018711185063
6104,0.99221698216614762078
6105,0.20797599594818733104
6106,0.98600549759004596506
6107,0.02049902680196643082
6108,0.98304556355475969376
6109,0.16426448534913454247
6110,0.99653111124961601952
6111,0.99984756735530677663
6112,0.99274803508056419510
6113,0.02544837272990351298
6114,0.99967630997871337328
6115,0.08411043168771069334
6116,0.99981160124095758146
6117,0.79443788964362149763
6118,0.99716782051209051918
6119,0.74349321176182092685
6120,0.99697102279903671018
6121,0.99328355454956673842
6122,0.99907949082609437408
6123,0.30803848517390092221
6124,0.99992308485515046801
6125,0.06580830454612718317
6126,0.95920085502580787473
6127,0.00017201054874851589
6128,0.99880350902574099869
6129,0.99938504695063867800
6130,0.00981911030986020589
6131,0.99245344752062936156
6132,0.99771202693364491321
6133,0.95125862108463099531
6134,0.99771202693364491321
6135,0.01914504889411720520
6136,0.99968588989688056401
6137,0.92536910802435612400
6138,0.32183167797453227088
6139,0.99149683554819478815
6140,0.99960938443521252239
6141,0.99938504695063867800
6142,0.99938504695063867800
6143,0.96790347396540432623
6144,0.08411043168771069334
6145,0.99921829364582770427
6146,0.00026542578783880457
6147,0.99992308485515046801
6148,0.00070192602645940971
6149,0.99988730535640435448
6150,0.02720726525559283987
6151,0.02720726525559283987
6152,0.99979205779906732410
6153,0.99982993047295143363
6154,0.03629805700483107467
6155,0.99834963940644838587
6156,0.98931557839143924316
6157,0.99985069634847256737
6158,0.02031939801021727388
6159,0.19335671129996975792
6160,0.98209727157538651010
6161,0.92971478966074083683
6162,0.99396033959175167372
6163,0.99990020219031838788
6164,0.99985991891417080879
6165,0.07989857692449946203
6166,0.98764111565961165695
6167,0.00032436035423640512
6168,0.95920085502580787473
6169,0.97917561904409511353
6170,0.00086672587903684824
6171,0.99938504695063867800
6172,0.99623795862492192654
6173,0.97346763948112691178
6174,0.07451521000421440499
6175,0.99960938443521252239
6176,0.94706301783751589696
6177,0.99980718250293343363
6178,0.96644106217711789331
6179,0.35299737342620901570
6180,0.09882164474963464618
6181,0.98884510961455052147
6182,0.91548628388745978413
6183,0.52792757143772983675
6184,0.02844528020104784491
6185,0.97905503756353517986
6186,0.97346763948112691178
6187,0.99940856378154752093
6188,0.05688140595370667213
6189,0.98547589209150510126
6190,0.06180432864492933082
6191,0.99964634927981721457
6192,0.91548628388745978413
6193,0.99907949082609437408
6194,0.65897715498770625953
6195,0.35299737342620901570
6196,0.99956537751330287733
6197,0.99296081523796253521
6198,0.98369384363654055470
6199,0.99372856341663129420
6200,0.99992308485515046801
6201,0.00055682964147074512
6202,0.99958551368418202543
6203,0.99977547211269746086
6204,0.00609120840227059604
6205,0.00032436035423640512
6206,0.09275179483663213709
6207,0.05483508676795446901
6208,0.99940212639059600175
6209,0.95920085502580798575
6210,0.99984756735530677663
6211,0.99979205779906732410
6212,0.99938504695063867800
6213,0.99985991891417080879
6214,0.95578785617384409701
6215,0.99974847028878222055
6216,0.99964040858517377863
6217,0.99938777781781840126
6218,0.04334500950480957987
6219,0.19205650717619024426
6220,0.00512652958549147074
6221,0.97889249640159592403
6222,0.00244777764307046054
6223,0.82436776790749710653
6224,0.99859128963324528261
6225,0.17745374269845912152
6226,0.98360464312736217707
6227,0.07451521000421441887
6228,0.99992308485515046801
6229,0.90252651671996653171
6230,0.99149683554819478815
6231,0.99985549969189690955
6232,0.99992513353255274566
6233,0.99992513353255274566
6234,0.99979339415781109945
6235,0.99586743995605808699
6236,0.99966831255272992074
6237,0.99992308485515046801
6238,0.82436776790749710653
6239,0.99471130440210608903
6240,0.99992308485515046801
6241,0.99357278519879788092
6242,0.99960938443521252239
6243,0.65897715498770625953
6244,0.00046607088831404289
6245,0.99969349025106746254
6246,0.01294935526518640849
6247,0.00864463164671382990
6248,0.89686039866886280159
6249,0.98884510961455052147
6250,0.98170034931549432500
6251,0.99771449486172281151
6252,0.99978071061614404158
6253,0.99958551368418202543
6254,0.99885548161911286158
6255,0.99974901769388269113
6256,0.02755671497813204016
6257,0.01218390157930822511
6258,0.99621167323529458137
6259,0.99974985954534101307
6260,0.99885548161911286158
6261,0.98524581856167259275
6262,0.30600126160899687733
6263,0.06349672502456774059
6264,0.99992308485515046801
6265,0.99552837463068699630
6266,0.00167072151453068456
6267,0.99529617312315021849
6268,0.00732140199303749680
6269,0.00243874797549872976
6270,0.98369384363654055470
6271,0.98582862347405864067
6272,0.95529331550573037823
6273,0.66450425576388616467
6274,0.30803848517390092221
6275,0.99970322689927515469
6276,0.00223486460367986915
6277,0.00179659746915727362
6278,0.02720726525559283987
6279,0.98889214093927424454
6280,0.92160034878736629693
6281,0.98884510961455052147
6282,0.99938504695063867800
6283,0.99997480041644493109
6284,0.02720726525559283987
6285,0.99885548161911286158
6286,0.99149683554819478815
6287,0.49139890303782640668
6288,0.99985488056323268413
6289,0.00158658636601588347
6290,0.99987949675638809754
6291,0.99992308485515046801
6292,0.04401336178815038608
6293,0.97242556556787940192
6294,0.30803848517390092221
6295,0.97664049844480160800
6296,0.99864114326861641580
6297,0.99907619080179421722
6298,0.00619478819302490737
6299,0.99584988308519928335
6300,0.00087473967603677769
6301,0.99968588989688056401
6302,0.75118944523537045654
6303,0.00305490824251277750
6304,0.00016247272808420790
6305,0.49139890303782640668
6306,0.02882241901901344203
6307,0.97208870098433830531
6308,0.96411775252046727491
6309,0.99938504695063867800
6310,0.99995320178422242297
6311,0.99979382166931030085
6312,0.99938504695063867800
6313,0.98698895488794091690
6314,0.97610319486367191910
6315,0.00628205791851285146
6316,0.93685961795938343943
6317,0.10343208243917698108
6318,0.92059792439598131519
6319,0.00421973867628910610
6320,0.99967630997871337328
6321,0.99834154677566588898
6322,0.00406906744745551361
6323,0.99985549969189690955
6324,0.99984756735530677663
6325,0.99985549969189690955
6326,0.99958551368418202543
6327,0.98765213938598916954
6328,0.85792647312850556229
6329,0.99992308485515046801
6330,0.18074917187643887995
6331,0.99885548161911286158
6332,0.99923617724061430945
6333,0.18522710291549737693
6334,0.00431333403836100301
6335,0.11941122813161632321
6336,0.99982362958188064628
6337,0.99968051691858617058
6338,0.99274803508056419510
6339,0.99987538401522568776
6340,0.99586743995605808699
6341,0.99977418181710675515
6342,0.99984917528310812695
6343,0.01255327296597027846
6344,0.99751500019261396535
6345,0.86737889536589318773
6346,0.98947825511009346311
6347,0.99697102279903671018
6348,0.02049902680196643082
6349,0.99938504695063867800
6350,0.99981560660559298803
6351,0.97976988413097654274
6352,0.00009882180391626230
6353,0.99673878441032170983
6354,0.69972115133960610667
6355,0.00016247272808420790
6356,0.99807034364116276048
6357,0.42984222700360402714
6358,0.98853270157361272652
6359,0.98447763732744231202
6360,0.97732541933045635751
6361,0.99982993047295143363
6362,0.99394856878426396385
6363,0.99907949082609437408
6364,0.34846978011479884385
6365,0.99765854160329647815
6366,0.07228524678939195203
6367,0.98947825511009346311
6368,0.99165552849679305947
6369,0.99964634927981721457
6370,0.74012936854822530819
6371,0.16458776727793480998
6372,0.00213031382996224303
6373,0.99967158326382188349
6374,0.39964528760482570524
6375,0.98481902304787205527
6376,0.97917561904409511353
6377,0.99885548161911286158
6378,0.99940856378154752093
6379,0.99688263034871560375
6380,0.99969349025106746254
6381,0.99646797633540173944
6382,0.82436776790749710653
6383,0.99943163828589254294
6384,0.97959666123308686281
6385,0.35299737342620901570
6386,0.27874436688399034656
6387,0.97766737254832958293
6388,0.99984756735530677663
6389,0.99900067160434813385
6390,0.81427602877094185096
6391,0.74795496819527573784
6392,0.99979205779906732410
6393,0.21016207213718629543
6394,0.98447763732744231202
6395,0.99979205779906732410
6396,0.99967062849868904006
6397,0.02049902680196643082
6398,0.00098092447905057849
6399,0.99976125832374773683
6400,0.06416376388745544113
6401,0.00010116464130627139
6402,0.00011110661050906816
6403,0.00160818995344203853
6404,0.00003652736606043528
6405,0.00080234599450221581
6406,0.00003652736606043528
6407,0.00003652736606043528
6408,0.00003652736606043528
6409,0.03836465335987097186
6410,0.00003652736606043528
6411,0.00035746217181723510
6412,0.00010116464130627139
6413,0.00011110661050906816
6414,0.00003652736606043528
6415,0.00010116464130627139
6416,0.02306584387810202419
6417,0.00188286965665726341
6418,0.00022970741639121968
6419,0.00010116464130627139
6420,0.05695690738772041239
6421,0.45238005093849803506
6422,0.09152549322493071238
6423,0.99053364676921762388
6424,0.00003652736606043528
6425,0.09152549322493071238
6426,0.16770198001425892786
6427,0.49653695052404961396
6428,0.00010116464130627139
6429,0.99908492276100069329
6430,0.00016834591212487384
6431,0.00004558604618433648
6432,0.00011110661050906816
6433,0.02507741981505358375
6434,0.00003652736606043528
6435,0.16770198001425892786
6436,0.00010116464130627139
6437,0.00211721058482962615
6438,0.00003652736606043528
6439,0.00010116464130627139
6440,0.00010116464130627139
6441,0.00003030539189008914
6442,0.00361922876761903555
6443,0.00459246630148842528
6444,0.00197931765995654338
6445,0.99762129198656834816
6446,0.00003030539189008914
6447,0.00160818995344203853
6448,0.99445246424802269392
6449,0.00459246630148842528
6450,0.00740029693777007665
6451,0.00004480412307889560
6452,0.00660528339996462131
6453,0.00021438100035298455
6454,0.00003652736606043528
6455,0.00003652736606043528
6456,0.00003652736606043528
6457,0.00010116464130627139
6458,0.99978032109677439365
6459,0.00038763014989199094
6460,0.11339609080902864069
6461,0.03541389258127466272
6462,0.00003652736606043528
6463,0.00010116464130627139
6464,0.00003652736606043528
6465,0.00042370997120390932
6466,0.16770198001425892786
6467,0.99908492276100069329
6468,0.00042585626559732626
6469,0.00003652736606043528
6470,0.03236555431776050318
6471,0.00740029693777007665
6472,0.00003652736606043528
6473,0.00003652736606043528
6474,0.00003652736606043528
6475,0.00981329922424367673
6476,0.00401079969195030240
6477,0.00003652736606043528
6478,0.00001809347048003937
6479,0.00011110661050906816
6480,0.00004558604618433648
6481,0.00426877825619899343
6482,0.07627006974008204709
6483,0.00003652736606043528
6484,0.00010116464130627139
6485,0.00514412521437636067
6486,0.00010116464130627139
6487,0.00003652736606043528
6488,0.00240762870535646484
6489,0.00003652736606043528
6490,0.16770198001425892786
6491,0.00003652736606043528
6492,0.00010116464130627139
6493,0.00294649397093667883
6494,0.00008426392111599995
6495,0.00010116464130627139
6496,0.00010116464130627139
6497,0.00004480412307889560
6498,0.99053364676921762388
6499,0.00010116464130627139
6500,0.00003652736606043528
6501,0.00211721058482962615
6502,0.00018097702077092261
6503,0.00039456103680567280
6504,0.00003652736606043528
6505,0.00003652736606043528
6506,0.00003652736606043528
6507,0.00003652736606043528
6508,0.00021904745807326383
6509,0.00003652736606043528
6510,0.65625488110015717247
6511,0.00003652736606043528
6512,0.00008426392111599995
6513,0.03427919243529277404
6514,0.92532442388884728057
6515,0.00086172781603115472
6516,0.00003030539189008914
6517,0.00001809347048003937
6518,0.00004480412307889560
6519,0.16770198001425892786
6520,0.00006116441693415620
6521,0.00295280512943552021
6522,0.01411179173939018476
6523,0.00180455743917150150
6524,0.00004558604618433648
6525,0.50158649474713645766
6526,0.00408427636816601890
6527,0.00010116464130627139
6528,0.00003652736606043528
6529,0.00010116464130627139
6530,0.00004480412307889560
6531,0.01670291021971067116
6532,0.00007743536840942681
6533,0.00003652736606043528
6534,0.00010116464130627139
6535,0.00010116464130627139
6536,0.00011110661050906816
6537,0.00003652736606043528
6538,0.99805446764260219439
6539,0.00141355208237173443
6540,0.00180455743917150150
6541,0.00378681092101521141
6542,0.00004480412307889560
6543,0.00816866825966115241
6544,0.09912619179467795083
6545,0.00003030539189008914
6546,0.00035746217181723510
6547,0.00016834591212487384
6548,0.01131415381281319216
6549,0.00010116464130627139
6550,0.09152549322493071238
6551,0.99952662198948527550
6552,0.99946564998140252634
6553,0.00010116464130627139
6554,0.00011110661050906816
6555,0.01894179596104401259
6556,0.00007743536840942681
6557,0.00001809347048003937
6558,0.52087654332388333422
6559,0.00010116464130627139
6560,0.00010116464130627139
6561,0.00010116464130627139
6562,0.00011110661050906816
6563,0.00011110661050906816
6564,0.00011110661050906816
6565,0.00022970741639121968
6566,0.00004480412307889560
6567,0.00003652736606043528
6568,0.00003652736606043528
6569,0.00342583511890297851
6570,0.00021006278343307851
6571,0.00018300972793268384
6572,0.00011110661050906816
6573,0.00018463914992104124
6574,0.00011110661050906816
6575,0.00005752456195902650
6576,0.00114221935771079358
6577,0.00080464442223576954
6578,0.81303445060009815748
6579,0.00001809347048003937
6580,0.00037542955796532009
6581,0.00010116464130627139
6582,0.00001809347048003937
6583,0.00003652736606043528
6584,0.01411179173939018476
6585,0.00003652736606043528
6586,0.00003652736606043528
6587,0.00003652736606043528
6588,0.73639460938250744793
6589,0.00001809347048003937
6590,0.00010116464130627139
6591,0.00295280512943552021
6592,0.00004480412307889560
6593,0.00003652736606043528
6594,0.00010116464130627139
6595,0.00114923516344259623
6596,0.00798955487965048207
6597,0.00003652736606043528
6598,0.00011110661050906816
6599,0.00011110661050906816
6600,0.00003030539189008914
6601,0.00033737480425330147
6602,0.00015678832834874667
6603,0.00003652736606043528
6604,0.00010116464130627139
6605,0.04843352788139480836
6606,0.00003652736606043528
6607,0.00003652736606043528
6608,0.00004480412307889560
6609,0.00142183354702276710
6610,0.12101872121159346074
6611,0.00004480412307889560
6612,0.99445246424802269392
6613,0.00003652736606043528
6614,0.00010116464130627139
6615,0.00003652736606043528
6616,0.00001809347048003937
6617,0.04795740938640571244
6618,0.00014925155299070581
6619,0.00010116464130627139
6620,0.00011110661050906816
6621,0.00114923516344259623
6622,0.00563033202680413881
6623,0.03912401743088966821
6624,0.00011110661050906816
6625,0.00171235109628150553
6626,0.00011110661050906816
6627,0.00004480412307889560
6628,0.00003652736606043528
6629,0.00798955487965048207
6630,0.00003652736606043528
6631,0.00172197176109735168
6632,0.00047916921366500511
6633,0.00003652736606043528
6634,0.00010116464130627139
6635,0.04239587573260810566
6636,0.00004480412307889560
6637,0.00172197176109735168
6638,0.00010116464130627139
6639,0.00003652736606043528
6640,0.00010116464130627139
6641,0.00003652736606043528
6642,0.00002929061102284047
6643,0.00001809347048003937
6644,0.00003652736606043528
6645,0.00002929061102284047
6646,0.00003652736606043528
6647,0.00084610433324747462
6648,0.00003652736606043528
6649,0.00010116464130627139
6650,0.00003652736606043528
6651,0.00010116464130627139
6652,0.00047021753580344235
6653,0.00010116464130627139
6654,0.00004480412307889560
6655,0.00093241071221310484
6656,0.01325479738226461278
6657,0.00003652736606043528
6658,0.00011110661050906816
6659,0.00003652736606043528
6660,0.00003652736606043528
6661,0.00010116464130627139
6662,0.01812021576512262699
6663,0.00003652736606043528
6664,0.00035746217181723510
6665,0.00010116464130627139
6666,0.00003652736606043528
6667,0.97257472552731849547
6668,0.00886687005817614511
6669,0.00003652736606043528
6670,0.00003652736606043528
6671,0.00010116464130627139
6672,0.00022970741639121968
6673,0.01995231609682421997
6674,0.00044723888629436914
6675,0.00003030539189008914
6676,0.00010116464130627139
6677,0.99981321372468190400
6678,0.00004480412307889560
6679,0.02296757252878939282
6680,0.00003652736606043528
6681,0.00003652736606043528
6682,0.00011110661050906816
6683,0.00011110661050906816
6684,0.00010116464130627139
6685,0.00011110661050906816
6686,0.00678216304012899899
6687,0.00003652736606043528
6688,0.20927407848182355554
6689,0.00003652736606043528
6690,0.00004480412307889560
6691,0.00001809347048003937
6692,0.86426989044546609353
6693,0.10777526877323692633
6694,0.01365165479955676893
6695,0.00611392906425214412
6696,0.00003652736606043528
6697,0.00011110661050906816
6698,0.00001809347048003937
6699,0.00003652736606043528
6700,0.00003652736606043528
6701,0.00008426392111599995
6702,0.00160934747156663612
6703,0.00001809347048003937
6704,0.00003652736606043528
6705,0.00002347001979401023
6706,0.00003652736606043528
6707,0.09912619179467795083
6708,0.00077376639560920919
6709,0.16754992100846285985
6710,0.00003030539189008914
6711,0.02189782812054139743
6712,0.00011110661050906816
6713,0.00004558604618433648
6714,0.00004139689572892813
6715,0.00003030539189008914
6716,0.00008998887845306599
6717,0.00146220463974835492
6718,0.00011110661050906816
6719,0.00022366945998727601
6720,0.01411179173939018476
6721,0.99762129198656834816
6722,0.92061104413108962863
6723,0.00077376639560920919
6724,0.00210385882601655735
6725,0.09912619179467795083
6726,0.00003652736606043528
6727,0.00003652736606043528
6728,0.00003652736606043528
6729,0.00070402395115912739
6730,0.00004480412307889560
6731,0.00004480412307889560
6732,0.88144291871286140072
6733,0.00010116464130627139
6734,0.00010116464130627139
6735,0.00083903883054895607
6736,0.00004480412307889560
6737,0.00003652736606043528
6738,0.00004480412307889560
6739,0.04333473364349128137
6740,0.83211627998933779260
6741,0.00011110661050906816
6742,0.89481954491212656322
6743,0.00003652736606043528
6744,0.21117313935368875466
6745,0.00003652736606043528
6746,0.00427620910488420245
6747,0.00010116464130627139
6748,0.00003652736606043528
6749,0.00003652736606043528
6750,0.00014004824411508352
6751,0.00003652736606043528
6752,0.00008426392111599995
6753,0.00010116464130627139
6754,0.00003652736606043528
6755,0.00003652736606043528
6756,0.00807762685735173569
6757,0.00394460007021376312
6758,0.00003652736606043528
6759,0.00004480412307889560
6760,0.00002347001979401023
6761,0.00394460007021376312
6762,0.00003652736606043528
6763,0.16770198001425892786
6764,0.00394460007021376312
6765,0.00003652736606043528
6766,0.00003652736606043528
6767,0.00270712035785638117
6768,0.00003652736606043528
6769,0.00001809347048003937
6770,0.00003652736606043528
6771,0.00010116464130627139
6772,0.00008426392111599995
6773,0.00010116464130627139
6774,0.00003652736606043528
6775,0.99942230247118235553
6776,0.00003652736606043528
6777,0.00010116464130627139
6778,0.00180455743917150150
6779,0.00016834591212487384
6780,0.00003030539189008914
6781,0.00011110661050906816
6782,0.00001809347048003937
6783,0.99981337884290488738
6784,0.00004558604618433648
6785,0.00011110661050906816
6786,0.00003652736606043528
6787,0.00003652736606043528
6788,0.00002929061102284047
6789,0.37898235935925250750
6790,0.00004480412307889560
6791,0.00003652736606043528
6792,0.00004480412307889560
6793,0.00010116464130627139
6794,0.00010116464130627139
6795,0.00003652736606043528
6796,0.05155485717147868796
6797,0.00004480412307889560
6798,0.00010116464130627139
6799,0.00002929061102284047
6800,0.00003652736606043528
6801,0.00003652736606043528
6802,0.99739362705701628542
6803,0.00003652736606043528
6804,0.00010116464130627139
6805,0.00010116464130627139
6806,0.00010116464130627139
6807,0.00295280512943552021
6808,0.00007743536840942681
6809,0.03132223085677143803
6810,0.00040269764361493878
6811,0.00073600581986007932
6812,0.00055891826641709394
6813,0.01535794018865751544
6814,0.00003652736606043528
6815,0.00007176423672514579
6816,0.00010116464130627139
6817,0.00004480412307889560
6818,0.00556586733481498602
6819,0.00047916921366500511
6820,0.00003652736606043528
6821,0.00004558604618433648
6822,0.00035746217181723510
6823,0.00003652736606043528
6824,0.00036595248300101734
6825,0.00003652736606043528
6826,0.00003652736606043528
6827,0.03132223085677143803
6828,0.07627006974008204709
6829,0.00011110661050906816
6830,0.00011110661050906816
6831,0.00035746217181723510
6832,0.00010116464130627139
6833,0.00004480412307889560
6834,0.00003652736606043528
6835,0.00003652736606043528
6836,0.69642780213339106066
6837,0.00002929061102284047
6838,0.00003652736606043528
6839,0.00003652736606043528
6840,0.00310319266229783491
6841,0.00003652736606043528
6842,0.01934003301406162292
6843,0.00930856928598124828
6844,0.00003652736606043528
6845,0.02149188521259962764
6846,0.00011110661050906816
6847,0.00010116464130627139
6848,0.99981321372468190400
6849,0.00361922876761903555
6850,0.00010116464130627139
6851,0.00001809347048003937
6852,0.00003652736606043528
6853,0.00010116464130627139
6854,0.00010116464130627139
6855,0.00010324449295411969
6856,0.00004480412307889560
6857,0.81303445060009826850
6858,0.00010116464130627139
6859,0.69642780213339106066
6860,0.00003652736606043528
6861,0.00004480412307889560
6862,0.00010116464130627139
6863,0.01433017866469491440
6864,0.00514818522413832465
6865,0.00003652736606043528
6866,0.00011110661050906816
6867,0.27876551287740553020
6868,0.00010116464130627139
6869,0.00003030539189008914
6870,0.00003652736606043528
6871,0.99805446764260219439
6872,0.00003652736606043528
6873,0.00004480412307889560
6874,0.09167232030653357788
6875,0.54600780628147060902
6876,0.00003652736606043528
6877,0.00004480412307889560
6878,0.00258073566467731169
6879,0.00011110661050906816
6880,0.00011110661050906816
6881,0.00004480412307889560
6882,0.00010116464130627139
6883,0.00003030539189008914
6884,0.00010116464130627139
6885,0.00003652736606043528
6886,0.00004480412307889560
6887,0.00003652736606043528
6888,0.00010116464130627139
6889,0.28454070070603143527
6890,0.00011110661050906816
6891,0.00009519072475982121
6892,0.00008426392111599995
6893,0.99805446764260219439
6894,0.06018843915213471785
6895,0.00010116464130627139
6896,0.00004480412307889560
6897,0.00003652736606043528
6898,0.00004480412307889560
6899,0.00001809347048003937
6900,0.00010116464130627139
6901,0.00010116464130627139
6902,0.00004480412307889560
6903,0.00003652736606043528
6904,0.97867879602666374428
6905,0.00011110661050906816
6906,0.00003652736606043528
6907,0.04843352788139480836
6908,0.00008426392111599995
6909,0.05844142681893945562
6910,0.00003652736606043528
6911,0.00021006278343307851
6912,0.00003652736606043528
6913,0.00010116464130627139
6914,0.00003652736606043528
6915,0.00016834591212487384
6916,0.00003652736606043528
6917,0.00004480412307889560
6918,0.03132223085677143803
6919,0.00230742980943345619
6920,0.00010116464130627139
6921,0.00010116464130627139
6922,0.00003652736606043528
6923,0.00011110661050906816
6924,0.83211627998933779260
6925,0.00003652736606043528
6926,0.00003652736606043528
6927,0.00003030539189008914
6928,0.00011110661050906816
6929,0.00003652736606043528
6930,0.00011110661050906816
6931,0.00035102168074720901
6932,0.00001979755266900299
6933,0.00003652736606043528
6934,0.00247151509392636937
6935,0.00003652736606043528
6936,0.00003652736606043528
6937,0.00010116464130627139
6938,0.00011110661050906816
6939,0.00011110661050906816
6940,0.00003652736606043528
6941,0.00060336545225984158
6942,0.00010116464130627139
6943,0.99984132250416113408
6944,0.00004480412307889560
6945,0.99593179886114191479
6946,0.00001809347048003937
6947,0.00014372451218018509
6948,0.00401079969195030240
6949,0.00010116464130627139
6950,0.00010116464130627139
6951,0.50158649474713645766
6952,0.00011110661050906816
6953,0.00120380933479514118
6954,0.03132223085677143803
6955,0.01312387985418526394
6956,0.00004558604618433648
6957,0.00004480412307889560
6958,0.00014372451218018509
6959,0.00010116464130627139
6960,0.00011110661050906816
6961,0.00014004824411508352
6962,0.00010116464130627139
6963,0.00004480412307889560
6964,0.00003030539189008914
6965,0.00044225970368678307
6966,0.00003030539189008914
6967,0.00004480412307889560
6968,0.00500787246657420117
6969,0.00010116464130627139
6970,0.00003652736606043528
6971,0.00295280512943552021
6972,0.00011110661050906816
6973,0.00070402395115912739
6974,0.00003652736606043528
6975,0.00038763014989199094
6976,0.00003652736606043528
6977,0.00011110661050906816
6978,0.00002815970341243305
6979,0.00021904745807326383
6980,0.00003030539189008914
6981,0.00003030539189008914
6982,0.03873747732081878753
6983,0.00080464442223576954
6984,0.00047916921366500511
6985,0.00010116464130627139
6986,0.00063670142548874985
6987,0.00001809347048003937
6988,0.00001809347048003937
6989,0.00004480412307889560
6990,0.00003652736606043528
6991,0.16770198001425892786
6992,0.00001809347048003937
6993,0.00010116464130627139
6994,0.50158649474713645766
6995,0.00394460007021376312
6996,0.00010116464130627139
6997,0.00003652736606043528
6998,0.00011110661050906816
6999,0.99053364676921762388
7000,0.00003652736606043528
7001,0.00015485874527486183
7002,0.00010116464130627139
7003,0.00044225970368678307
7004,0.00003652736606043528
7005,0.00035746217181723510
7006,0.00001809347048003937
7007,0.00004480412307889560
7008,0.01714878980182429208
7009,0.00003030539189008914
7010,0.99557598389503232372
7011,0.00003652736606043528
7012,0.00036595248300101734
7013,0.00003652736606043528
7014,0.00001809347048003937
7015,0.42021024965190578726
7016,0.00003652736606043528
7017,0.00258073566467731169
7018,0.00003652736606043528
7019,0.00394460007021376312
7020,0.01595846813415084664
7021,0.00010116464130627139
7022,0.00569164434384862670
7023,0.00021006278343307851
7024,0.00010116464130627139
7025,0.01752634558481359559
7026,0.00003652736606043528
7027,0.00003652736606043528
7028,0.00009519072475982121
7029,0.00003652736606043528
7030,0.00378681092101521228
7031,0.00001809347048003937
7032,0.00008426392111599995
7033,0.00010116464130627139
7034,0.03561555553317464345
7035,0.00043104963174445951
7036,0.00002878819034200193
7037,0.00002929061102284047
7038,0.00003652736606043528
7039,0.00003652736606043528
7040,0.00003652736606043528
7041,0.83797016306763350002
7042,0.00003652736606043528
7043,0.00011110661050906816
7044,0.00047492500993941562
7045,0.00004558604618433648
7046,0.00010116464130627139
7047,0.00010116464130627139
7048,0.00829329784521169212
7049,0.04013508051891867545
7050,0.99458307752491659226
7051,0.00003652736606043528
7052,0.37898235935925250750
7053,0.00004558604618433648
7054,0.00019002415230922075
7055,0.01096397117837976699
7056,0.00124138167691840409
7057,0.00003652736606043528
7058,0.98294078823344122053
7059,0.00011110661050906816
7060,0.00029989995696841007
7061,0.01019002558992604911
7062,0.99368182711164854126
7063,0.00258858755721077171
7064,0.00401079969195030240
7065,0.00016834591212487384
7066,0.00004480412307889560
7067,0.00033737480425330147
7068,0.00010116464130627139
7069,0.00003652736606043528
7070,0.02484685791110049710
7071,0.00013225234996065751
7072,0.00008426392111599995
7073,0.00003652736606043528
7074,0.00001809347048003937
7075,0.00010116464130627139
7076,0.00010116464130627139
7077,0.74118062137359963515
7078,0.00001809347048003937
7079,0.00010116464130627139
7080,0.00004480412307889560
7081,0.98727339357108856444
7082,0.00010779725741219780
7083,0.00004480412307889560
7084,0.08189074587449012010
7085,0.00004480412307889560
7086,0.00003652736606043528
7087,0.00010116464130627139
7088,0.00010116464130627139
7089,0.00003652736606043528
7090,0.03132223085677143803
7091,0.00010116464130627139
7092,0.00003652736606043528
7093,0.01411179173939018476
7094,0.00003652736606043528
7095,0.00014925155299070581
7096,0.00002815970341243305
7097,0.91028722239865544896
7098,0.00003652736606043528
7099,0.00003030539189008914
7100,0.00003652736606043528
7101,0.00319488425293544282
7102,0.00010116464130627139
7103,0.00002929061102284047
7104,0.00021979894473203755
7105,0.00010116464130627139
7106,0.00010116464130627139
7107,0.00003652736606043528
7108,0.00010116464130627139
7109,0.00003652736606043528
7110,0.00003652736606043528
7111,0.03132223085677143803
7112,0.07627006974008204709
7113,0.99762129198656834816
7114,0.00010116464130627139
7115,0.00003652736606043528
7116,0.00003652736606043528
7117,0.00011110661050906816
7118,0.00004558604618433648
7119,0.00002815970341243305
7120,0.00010116464130627139
7121,0.00003652736606043528
7122,0.03132223085677143803
7123,0.00023227013338158258
7124,0.00015485874527486183
7125,0.00003652736606043528
7126,0.49653695052404961396
7127,0.00003652736606043528
7128,0.00010116464130627139
7129,0.00004975546838418602
7130,0.00003652736606043528
7131,0.00010116464130627139
7132,0.00003652736606043528
7133,0.26599124950602814899
7134,0.00003652736606043528
7135,0.02398296502537990149
7136,0.00011110661050906816
7137,0.00010116464130627139
7138,0.00003030539189008914
7139,0.00003652736606043528
7140,0.00035746217181723510
7141,0.99179734232487415380
7142,0.00011110661050906816
7143,0.00003030539189008914
7144,0.00010116464130627139
7145,0.00328025818230038386
7146,0.00002929061102284047
7147,0.00003652736606043528
7148,0.00003652736606043528
7149,0.00010116464130627139
7150,0.00010116464130627139
7151,0.00010116464130627139
7152,0.00203063102032120194
7153,0.99445246424802269392
7154,0.00005414323175231380
7155,0.45238005093849797955
7156,0.01411179173939018476
7157,0.00010116464130627139
7158,0.00658527795553535272
7159,0.00014372451218018509
7160,0.05494197113969514351
7161,0.00061914733995882835
7162,0.00008426392111599995
7163,0.00001809347048003937
7164,0.00003030539189008914
7165,0.00003652736606043528
7166,0.09805452719823547214
7167,0.00262944172478458624
7168,0.07627006974008204709
7169,0.00003652736606043528
7170,0.00410108432852287520
7171,0.00916747542404482141
7172,0.86707198032358479001
7173,0.00002815970341243305
7174,0.00003030539189008914
7175,0.00004480412307889560
7176,0.11805118986048258878
7177,0.99593179886114191479
7178,0.03912401743088966821
7179,0.00004480412307889560
7180,0.00004480412307889560
7181,0.00010116464130627139
7182,0.99445246424802269392
7183,0.00010116464130627139
7184,0.00004480412307889560
7185,0.00003652736606043528
7186,0.00010116464130627139
7187,0.95803615840594369413
7188,0.00033737480425330147
7189,0.00010116464130627139
7190,0.01411179173939018476
7191,0.00295280512943552021
7192,0.00010116464130627139
7193,0.00010116464130627139
7194,0.00003652736606043528
7195,0.50158649474713634664
7196,0.00053663866241769858
7197,0.00004480412307889560
7198,0.99762129198656834816
7199,0.00011110661050906816
7200,0.16770198001425892786
7201,0.99999968625200752470
7202,0.99995217022597204792
7203,0.99792704053470260295
7204,0.99883876519795633531
7205,0.99999718405398874133
7206,0.99999608357365066258
7207,0.99999344753472663161
7208,0.99999711551379277807
7209,0.99999961148199034700
7210,0.99984435093372225900
7211,0.99706584175379076029
7212,0.99954362959707554470
7213,0.99999924282184704527
7214,0.99571988077660833483
7215,0.99985551544905704180
7216,0.99999970267859905615
7217,0.99999285179249841615
7218,0.99965938563084177915
7219,0.99933882592948164447
7220,0.99965938563084166812
7221,0.94092887908402267350
7222,0.99999943958842774094
7223,0.01121798964398889632
7224,0.99980282554152377639
7225,0.99965938563084177915
7226,0.99985432338301949429
7227,0.99998732424578695710
7228,0.99974894472000197521
7229,0.99993660887856017361
7230,0.98365352336191902438
7231,0.99999432119180176048
7232,0.99998206714123327732
7233,0.99999970902619317314
7234,0.99999968625200752470
7235,0.92931631522471258577
7236,0.99965938563084177915
7237,0.99991482464874903435
7238,0.99999903511456178506
7239,0.97252536910372233692
7240,0.99992761644876915206
7241,0.99993185855820498897
7242,0.99472268113154571623
7243,0.98454762807310647332
7244,0.99981937196721548666
7245,0.99986784992669763827
7246,0.93403208877707832869
7247,0.96872318169547233513
7248,0.99999579837251295622
7249,0.99999970267859905615
7250,0.99999895481573397582
7251,0.99896053606572765560
7252,0.99704280646739373850
7253,0.99874598291045579845
7254,0.97699915094676226257
7255,0.99994321482026671255
7256,0.99999943958842774094
7257,0.99968497588590854441
7258,0.99998610586729708150
7259,0.99408762481720391868
7260,0.99997870480181783037
7261,0.96956554073024325824
7262,0.99996592811824891456
7263,0.98672580723929603774
7264,0.99965938563084166812
7265,0.86905814482561039025
7266,0.99774503145409487725
7267,0.99999970267859905615
7268,0.99999910569521754944
7269,0.99991482464874903435
7270,0.05523887111244660253
7271,0.99999884105431302572
7272,0.99999970267859905615
7273,0.99999961148199034700
7274,0.99950699460999004042
7275,0.99999961148199034700
7276,0.99982966380594329170
7277,0.99985551544905704180
7278,0.99871313766887048757
7279,0.99988643608928073903
7280,0.99999894038045544775
7281,0.02367077653156949776
7282,0.99991227906737789599
7283,0.99999242827006840084
7284,0.90684011240061113135
7285,0.99915107282305226644
7286,0.99971107264365333123
7287,0.99867852558358238824
7288,0.99871313766887048757
7289,0.72638654262756441327
7290,0.99984688176825653461
7291,0.99985915316640328054
7292,0.99999092737864003766
7293,0.99999331905587374170
7294,0.99877321070773428247
7295,0.98607134218569691964
7296,0.99836494956443455617
7297,0.99035232521610427892
7298,0.99988643608928073903
7299,0.99999851856555621588
7300,0.99999515551503070920
7301,0.99996210377501371092
7302,0.99999968625200752470
7303,0.99991529709568405249
7304,0.14424456085155706875
7305,0.99873475035041214820
7306,0.99531359719452738855
7307,0.99999187059933947186
7308,0.99999923685169500587
7309,0.00326485823324760551
7310,0.99962490168111206579
7311,0.99999741871555059003
7312,0.98291196271103842275
7313,0.99965938563084177915
7314,0.98120685430616705336
7315,0.99881439843240504839
7316,0.99999903511456178506
7317,0.00274665339131552810
7318,0.99999970902619317314
7319,0.99997855568407190141
7320,0.89846997620117852179
7321,0.02285297186542498832
7322,0.99999380493970924100
7323,0.99999964836913624033
7324,0.99874598291045579845
7325,0.99757050204943964467
7326,0.04052377694400500358
7327,0.99997706874167902047
7328,0.05014668788145903305
7329,0.99999924282184704527
7330,0.99965938563084166812
7331,0.99842300766071401252
7332,0.99996205924230874285
7333,0.99996592811824891456
7334,0.96956554073024314722
7335,0.99999961148199034700
7336,0.99999258278337321837
7337,0.99998827391655153995
7338,0.99999970267859905615
7339,0.99996592811824902558
7340,0.98454762807310647332
7341,0.99679693017706083591
7342,0.99965938563084166812
7343,0.99999970902619317314
7344,0.99982966380594318068
7345,0.99035232521610427892
7346,0.99961142299415994827
7347,0.99991947395499125584
7348,0.95114436339284602617
7349,0.99979353085822819658
7350,0.99999053535550153082
7351,0.99951772524573878620
7352,0.99999910569521754944
7353,0.99999898194414438279
7354,0.99999092737864003766
7355,0.99175940936984963159
7356,0.99991986227642704055
7357,0.99596604315973868982
7358,0.99999432119180176048
7359,0.99998738051381508285
7360,0.77972216174371633546
7361,0.99546408576498790488
7362,0.99873616541265552993
7363,0.99999909138635412198
7364,0.99998738051381497183
7365,0.99952442313965594867
7366,0.95114436339284613720
7367,0.97986759652419275213
7368,0.99901232165178210920
7369,0.98882594583317995340
7370,0.98607134218569691964
7371,0.88844730113141501260
7372,0.99950699460999004042
7373,0.99988643608928073903
7374,0.99451786599401492683
7375,0.95503259049193467423
7376,0.99999910569521754944
7377,0.93403208877707832869
7378,0.99999092737864003766
7379,0.99999513244616700103
7380,0.99998839428612440461
7381,0.99982966380594329170
7382,0.99999973641283890213
7383,0.99999909162409550412
7384,0.99996045675477818193
7385,0.99992625315727190483
7386,0.00212017796335614876
7387,0.95503259049193467423
7388,0.99988643608928073903
7389,0.99998451249319220135
7390,0.09358045106022437609
7391,0.99992597901675428496
7392,0.98515654828872134541
7393,0.03263101029719674140
7394,0.99765129510866767948
7395,0.99999079115434852394
7396,0.99999079115434852394
7397,0.99983471432023063308
7398,0.99747269836832841428
7399,0.99999964836913624033
7400,0.63897100914157423102
7401,0.99998783120426582016
7402,0.99998886899249206373
7403,0.97873081554307450602
7404,0.99392880103404990244
7405,0.96956554073024325824
7406,0.99999781583536773155
7407,0.99997870480181771935
7408,0.99999369021709438865
7409,0.99992412136351038754
7410,0.99994932846636186419
7411,0.99990869258341319448
7412,0.99999053535550153082
7413,0.99999412537197984729
7414,0.99965938563084177915
7415,0.99974236229837143419
7416,0.99998348367685951921
7417,0.99901447508907281758
7418,0.99995741051058706361
7419,0.99996245755551915746
7420,0.99987670306295661771
7421,0.99999188743660383238
7422,0.99995799468446389113
7423,0.99971841618600276735
7424,0.99999905352748796883
7425,0.99982966380594318068
7426,0.99999895481573397582
7427,0.99896053606572765560
7428,0.90684011240061113135
7429,0.99963300268300003815
7430,0.99873475035041214820
7431,0.99942670831350655103
7432,0.99916363900330962267
7433,0.99965938563084166812
7434,0.99998206714123338834
7435,0.99971707669719733769
7436,0.97789885110130292389
7437,0.99993756196657324065
7438,0.99954454927963354294
7439,0.99376120875563334067
7440,0.99965938563084177915
7441,0.98824475107641140958
7442,0.98624093493267395161
7443,0.99999884105431302572
7444,0.99977176271816781128
7445,0.99999526765535584616
7446,0.99999655829036226962
7447,0.99986908996315426723
7448,0.99999970267859905615
7449,0.99874598291045579845
7450,0.99955499671330716449
7451,0.99999862608887624127
7452,0.99715450263581073553
7453,0.99966528763710449379
7454,0.99663477198095151710
7455,0.96482940183790455446
7456,0.99901447508907292860
7457,0.99982966380594329170
7458,0.99988643608928073903
7459,0.99998597417120405062
7460,0.99881315322268882095
7461,0.99991482464874914537
7462,0.99999973641283890213
7463,0.99990681781612111845
7464,0.99999242827006851186
7465,0.04731460328326559522
7466,0.98546208685581360154
7467,0.99965938563084177915
7468,0.99977176271816770026
7469,0.99999698239674150724
7470,0.99999970902619317314
7471,0.99995132659395324914
7472,0.99871313766887048757
7473,0.99956920455843845108
7474,0.99950699460998992940
7475,0.04685907313349051140
7476,0.90684011240061113135
7477,0.86100517235539897332
7478,0.99666784904772964815
7479,0.99916363900330962267
7480,0.99862380814738826995
7481,0.99988643608928073903
7482,0.99896053606572765560
7483,0.99999515551503070920
7484,0.99980282554152377639
7485,0.08952317334028636608
7486,0.99991482464874903435
7487,0.99663810920929973847
7488,0.99991482464874903435
7489,0.99668738500548881287
7490,0.99965938563084166812
7491,0.99982966380594318068
7492,0.99993080500502040664
7493,0.99999053535550153082
7494,0.99999964836913624033
7495,0.99876561695111953920
7496,0.00137521531556290409
7497,0.99973449296614802506
7498,0.99653502484244960158
7499,0.99998107089016030624
7500,0.99941724771330919808
7501,0.99999973641283890213
7502,0.99994321482026693459
7503,0.99670669322500404785
7504,0.99999973641283890213
7505,0.99985432338301949429
7506,0.99576972888372727866
7507,0.99930890361122748367
7508,0.46947641338526052701
7509,0.99292092820387067853
7510,0.99993423784971668944
7511,0.99999432119180176048
7512,0.99993423784971668944
7513,0.99999970902619317314
7514,0.95675349954843347255
7515,0.99896053606572765560
7516,0.99999798384769300608
7517,0.99985137272994373259
7518,0.99997428927722009639
7519,0.99376120875563334067
7520,0.99998206714123327732
7521,0.99998666913543843293
7522,0.99999851856555621588
7523,0.99210485429800965296
7524,0.93767068740431502860
7525,0.99999275046900626407
7526,0.99973203755826622885
7527,0.99995132659395324914
7528,0.80781866967951698744
7529,0.99479559576443166158
7530,0.99998336208870652886
7531,0.98964508270429585313
7532,0.96986071259379091902
7533,0.96639811567441180618
7534,0.99948916544505739257
7535,0.99997160660397133025
7536,0.99111120764515447945
7537,0.99999924282184704527
7538,0.99999970267859905615
7539,0.99701940663135280030
7540,0.99999973641283890213
7541,0.02865249563547010714
7542,0.99945280324103336067
7543,0.99747269836832841428
7544,0.99962866113227055731
7545,0.99998970133677123062
7546,0.99999898289528277306
7547,0.99977951145562160562
7548,0.99925710988772009635
7549,0.99994321482026693459
7550,0.99399334361543945082
7551,0.99727204195396046416
7552,0.98209992270616630616
7553,0.99998787858661297712
7554,0.99972612776337221874
7555,0.77972216174371622444
7556,0.93767068740431502860
7557,0.99999608357365066258
7558,0.99951772524573878620
7559,0.99999913918300242788
7560,0.99996214249692960685
7561,0.99999964836913624033
7562,0.99067091424272013533
7563,0.99972612776337210772
7564,0.99987718546997816915
7565,0.99995089077978371872
7566,0.99999913918300242788
7567,0.99965938563084166812
7568,0.99271557903596741035
7569,0.99993639758033270315
7570,0.99999798384769300608
7571,0.97602309182469548787
7572,0.99967843180241799939
7573,0.99965938563084166812
7574,0.99857342555603290091
7575,0.99996214249692960685
7576,0.98546208685581360154
7577,0.00411432976806806478
7578,0.99995132659395324914
7579,0.00245211217523797409
7580,0.99408762481720402970
7581,0.99999092737864003766
7582,0.99181906758090887521
7583,0.99999973641283890213
7584,0.99956969668423156783
7585,0.99999103349021900566
7586,0.99598039223801027031
7587,0.99999970267859905615
7588,0.99080585311531177428
7589,0.99204930554757808636
7590,0.07772821666509410754
7591,0.99866604604097808373
7592,0.99999903511456178506
7593,0.99995141135389331577
7594,0.99908951324111716641
7595,0.99928659793532870204
7596,0.99991482464874903435
7597,0.99911862881923263480
7598,0.99999900371319472292
7599,0.99999961148199034700
7600,0.97439311966027164491
7601,0.99999964836913624033
7602,0.99965938563084166812
7603,0.99999539555597338758
7604,0.00171774215159973902
7605,0.99989815976765761274
7606,0.99996902546610266782
7607,0.99967294068530254680
7608,0.99994651020045455247
7609,0.99998107089016041726
7610,0.99818220986048999954
7611,0.99901447508907281758
7612,0.99985172376592523769
7613,0.99999964836913624033
7614,0.99997703238808011150
7615,0.00466035050796719842
7616,0.99696333979513807044
7617,0.99999905352748796883
7618,0.99944627876892877527
7619,0.99999915756080504092
7620,0.77972216174371633546
7621,0.02418838367346249144
7622,0.99998738051381497183
7623,0.92531196059563824985
7624,0.99982966380594318068
7625,0.98316651401486787609
7626,0.00553760335358992935
7627,0.99942786933415250772
7628,0.99999895481573397582
7629,0.99747269836832841428
7630,0.86100517235539897332
7631,0.99965938563084166812
7632,0.99999970267859905615
7633,0.99830612863216605657
7634,0.99980436166529207398
7635,0.99999884105431302572
7636,0.99969680895199108939
7637,0.99999741871555059003
7638,0.99999049805713013939
7639,0.99999259287167385768
7640,0.99911862881923263480
7641,0.99985424822544233248
7642,0.99981893784383124579
7643,0.99983561084016869813
7644,0.99972994566762274360
7645,0.99935615456421600378
7646,0.99965938563084166812
7647,0.99999903511456178506
7648,0.99331855824677195432
7649,0.99992244716380340730
7650,0.99663810920929973847
7651,0.99944116726300136211
7652,0.99999973641283890213
7653,0.99999970267859905615
7654,0.99999973641283890213
7655,0.99996214249692949583
7656,0.99907079635364259840
7657,0.99999608357365066258
7658,0.95834754483807182979
7659,0.99999961148199034700
7660,0.99965938563084166812
7661,0.99912657648503089280
7662,0.99986267898840464063
7663,0.99801096158266300318
7664,0.95982825607508359678
7665,0.99959943978207144166
7666,0.99999898194414438279
7667,0.99999648732752621783
7668,0.99999970267859905615
7669,0.99586265761246861583
7670,0.99998935228753627058
7671,0.99999743812365471385
7672,0.99999357116535203538
7673,0.99957757849267325767
7674,0.99999718405398874133
7675,0.99999743812365471385
7676,0.99996592811824891456
7677,0.99999602220482119996
7678,0.99999412537197984729
7679,0.99988643608928073903
7680,0.89846997620117841077
7681,0.99999923685169500587
7682,0.96956554073024314722
7683,0.99978082646347610218
7684,0.99994321482026671255
7685,0.99999515551503070920
7686,0.99989073855805532531
7687,0.99098970831076882426
7688,0.87622908620721884354
7689,0.99965938563084177915
7690,0.99965938563084177915
7691,0.99901447508907292860
7692,0.99999964836913624033
7693,0.96783286602782825359
7694,0.99872042347211475999
7695,0.99913943597916998751
7696,0.00641124767496602591
7697,0.99871313766887048757
7698,0.99997767886939248339
7699,0.99298682906376656288
7700,0.99965938563084177915
7701,0.99994321482026693459
7702,0.99901490465018760734
7703,0.99926196179511217466
7704,0.99999968625200752470
7705,0.99873191069827738087
7706,0.97112109575312210996
7707,0.99882426682920932848
7708,0.99988643608928073903
7709,0.96872318169547233513
7710,0.99999148181188912687
7711,0.97789885110130292389
7712,0.99999973641283890213
7713,0.99765616662616962707
7714,0.99995404902059659147
7715,0.02516104953879812547
7716,0.99980180536896057220
7717,0.99883517423149870140
7718,0.99999903511456178506
7719,0.99280829741513354492
7720,0.99736053914715483426
7721,0.99997901113993670208
7722,0.99654561688479892378
7723,0.99874598291045579845
7724,0.99997901113993670208
7725,0.99965938563084177915
7726,0.99983561084016869813
7727,0.98189341655413553411
7728,0.98475607762336270223
7729,0.99725139889722036468
7730,0.99999318543790183256
7731,0.99820950928891560849
7732,0.98475607762336270223
7733,0.99991482464874892333
7734,0.99999092737864003766
7735,0.99999961148199034700
7736,0.99670669322500415888
7737,0.98088902688561974141
7738,0.08129866747633961166
7739,0.84151089537804468765
7740,0.99987208333401766946
7741,0.99999973641283890213
7742,0.99997160660397133025
7743,0.99866288923928436816
7744,0.99708852094375932662
7745,0.98209992270616630616
7746,0.99999910569521754944
7747,0.99999973641283890213
7748,0.99999655829036226962
7749,0.99965938563084177915
7750,0.99957067757038176037
7751,0.99999970902619317314
7752,0.99965938563084177915
7753,0.99922554369009763953
7754,0.46947641338526047150
7755,0.99999079115434852394
7756,0.99999404466017971504
7757,0.99936697470769153551
7758,0.99354746616140054982
7759,0.98264959469672341630
7760,0.99991545552393534813
7761,0.99459650798447640785
7762,0.99996902546610255680
7763,0.99976433747302839716
7764,0.77972216174371622444
7765,0.99930077875052747416
7766,0.99998355865151533628
7767,0.99998206714123327732
7768,0.99896053606572765560
7769,0.99999973641283890213
7770,0.99999884105431302572
7771,0.99910395246206118447
7772,0.99998782117143159009
7773,0.96052982258535890558
7774,0.99997160660397133025
7775,0.00072245997122874917
7776,0.06867948128215051184
7777,0.99995741051058706361
7778,0.99920928646453432975
7779,0.99894991085972828504
7780,0.99959294685501254296
7781,0.99707344064017511265
7782,0.99999970267859905615
7783,0.99978147282054141698
7784,0.99339664438579933226
7785,0.00245211217523797409
7786,0.01274081085595463007
7787,0.99997870480181771935
7788,0.99999943958842774094
7789,0.99995132659395324914
7790,0.99982881227077025077
7791,0.99998738051381508285
7792,0.99999943958842774094
7793,0.99999970267859905615
7794,0.99962030138190138828
7795,0.99980168363056476366
7796,0.99940715877649322074
7797,0.99956689300780410257
7798,0.99954362959707554470
7799,0.99111120764515447945
7800,0.99995069909472156233
7801,0.99999903511456178506
7802,0.99965938563084177915
7803,0.99998689515532235284
7804,0.29693970433971678125
7805,0.99995132659395324914
7806,0.99999032855306302370
7807,0.99965938563084166812
7808,0.99982966380594318068
7809,0.99935980214498310037
7810,0.99999367634044777908
7811,0.98672580723929592672
7812,0.99998296376889617143
7813,0.99999404466017971504
7814,0.99965938563084166812
7815,0.99967141909438106406
7816,0.98316651401486787609
7817,0.99999810705676761557
7818,0.99980273949370024322
7819,0.99999782974721418416
7820,0.99965327174756701822
7821,0.99999092737864003766
7822,0.99999099856387152485
7823,0.99941724771330919808
7824,0.37105081009208240594
7825,0.99991630089793293035
7826,0.95503259049193456320
7827,0.99982966380594318068
7828,0.99991779866357999307
7829,0.99875152473116468599
7830,0.99999743812365471385
7831,0.99999970267859905615
7832,0.99999961148199034700
7833,0.99950699460998981838
7834,0.99993522609026708192
7835,0.99999780778896485423
7836,0.99993879518485639935
7837,0.84151089537804479868
7838,0.99999412537197984729
7839,0.99118058086066196388
7840,0.99965938563084166812
7841,0.99999970267859905615
7842,0.63897100914157423102
7843,0.99982966380594318068
7844,0.99999964836913624033
7845,0.99997803037553778527
7846,0.99947999777108254005
7847,0.77972216174371633546
7848,0.99999736934791128018
7849,0.99999973641283890213
7850,0.99998206714123327732
7851,0.99901447508907292860
7852,0.99999304636617314390
7853,0.99954564801765133364
7854,0.99982881227077036179
7855,0.99965938563084166812
7856,0.96956554073024314722
7857,0.98411314572036889814
7858,0.99933649666257462485
7859,0.92531196059563824985
7860,0.99624736047954665086
7861,0.97036371627077533386
7862,0.99995067757640043737
7863,0.99663810920929973847
7864,0.99999515551503070920
7865,0.99999895481573397582
7866,0.99999513244616700103
7867,0.99903591544511927136
7868,0.99546408576498790488
7869,0.99999968625200752470
7870,0.99999903511456178506
7871,0.94652007928933268310
7872,0.99999973641283890213
7873,0.99999964836913624033
7874,0.46947641338526047150
7875,0.99956309744203153400
7876,0.99999943958842774094
7877,0.99992761644876915206
7878,0.99551805689477446126
7879,0.99826982009026621334
7880,0.99951793098294094975
7881,0.99982966380594329170
7882,0.99954564801765133364
7883,0.99999884105431302572
7884,0.99996592811824891456
7885,0.99990136001796370291
7886,0.96369960545216026837
7887,0.99992514621186612267
7888,0.99849555681204049673
7889,0.99999282677931145003
7890,0.99999731709045125427
7891,0.99994902675662267200
7892,0.99999903511456178506
7893,0.99747269836832841428
7894,0.99999910569521754944
7895,0.96120730513653729332
7896,0.99999909162409550412
7897,0.99762912031628958598
7898,0.99335783080586470550
7899,0.99999970267859905615
7900,0.99992053476518039101
7901,0.99999053535550153082
7902,0.99999903511456178506
7903,0.99912657648503089280
7904,0.99996214249692960685
7905,0.99834094459684175060
7906,0.99982966380594318068
7907,0.99999648732752621783
7908,0.99999539555597338758
7909,0.98209992270616630616
7910,0.99999970267859905615
7911,0.00358438374645842807
7912,0.99999895481573397582
7913,0.99999943958842774094
7914,0.99883517423149870140
7915,0.99965938563084177915
7916,0.99553576298465118466
7917,0.07389296902796296806
7918,0.99994321482026671255
7919,0.99666784904772964815
7920,0.98992212491328679391
7921,0.99999895481573397582
7922,0.97496052187435333636
7923,0.03117606142379680118
7924,0.99983919004552546106
7925,0.99985421061756485361
7926,0.99759121697095365366
7927,0.99999903511456178506
7928,0.99999903511456178506
7929,0.99965938563084166812
7930,0.99662807760823424186
7931,0.99999970267859905615
7932,0.99999665951677818576
7933,0.99783157294682967020
7934,0.99999109517416973070
7935,0.99642541883220825394
7936,0.99896053606572765560
7937,0.99998825081298170492
7938,0.99999282677931145003
7939,0.99998935228753627058
7940,0.04723424725186958079
7941,0.99914464705756300678
7942,0.99999718405398874133
7943,0.99966930364081196814
7944,0.99998296376889628245
7945,0.99999903511456178506
7946,0.99988974357267113025
7947,0.91393528812686231078
7948,0.99999451949043383081
7949,0.99995741051058706361
7950,0.99999731709045125427
7951,0.99998893446358050330
7952,0.99999909138635412198
7953,0.99999515551503070920
7954,0.99999898194414438279
7955,0.99999633624539263632
7956,0.99999970902619317314
7957,0.99620959870671055292
7958,0.99992322695307978009
7959,0.99978819026832865813
7960,0.99663810920929973847
7961,0.99998296376889628245
7962,0.98824475107641140958
7963,0.99999973641283890213
7964,0.99966258925462592178
7965,0.99999903511456178506
7966,0.99950699460998992940
7967,0.99999046916980705024
7968,0.92531196059563824985
7969,0.99999903511456178506
7970,0.99999361911334005981
7971,0.99999909162409550412
7972,0.99931560056543644599
7973,0.99999498928353625082
7974,0.99965938563084177915
7975,0.99999369021709438865
7976,0.99969826616143830922
7977,0.72638654262756441327
7978,0.99998935228753627058
7979,0.99999973641283890213
7980,0.99573781796758542573
7981,0.99956969668423156783
7982,0.99999909138635412198
7983,0.98218458328381119671
7984,0.99546408576498790488
7985,0.99987972146668513407
7986,0.00200262618338652122
7987,0.99999648732752621783
7988,0.99888295876521326910
7989,0.99999795272772651344
7990,0.99994247187394580401
7991,0.99996902546610255680
7992,0.98703050568564854039
7993,0.46947641338526047150
7994,0.99973455533375998883
7995,0.99999915756080504092
7996,0.99997870480181783037
7997,0.07915972211775766654
7998,0.99999970902619317314
7999,0.99995132659395336017
8000,0.99999909138635412198
8001,0.20381895324279578063
8002,0.07475150468898243694
8003,0.53631294514668248485
8004,0.98941057933071263619
8005,0.99906237238912187770
8006,0.98946337021984198667
8007,0.48979175623684001462
8008,0.00269688744243934886
8009,0.13910472209222810025
8010,0.99957024759839341321
8011,0.99774791321031763847
8012,0.91694225313755817197
8013,0.00168298835527896343
8014,0.99887633529946839861
8015,0.96074537010297766937
8016,0.99020754159675972161
8017,0.39023993921920385741
8018,0.97648506541205681852
8019,0.99917988400313195729
8020,0.99673894412766272932
8021,0.97799173548750806262
8022,0.63436132300582392940
8023,0.98515561986603095157
8024,0.82758383036110105824
8025,0.97981993215620699633
8026,0.97648506541205681852
8027,0.10714126383742703097
8028,0.99571727004848087361
8029,0.99697964409905914795
8030,0.12091772153962151992
8031,0.99918966203966474993
8032,0.05247730593778992397
8033,0.71395540865102335992
8034,0.00974999153751339269
8035,0.99600251031155984105
8036,0.25531598222479662263
8037,0.96074537010297766937
8038,0.90964823968980756952
8039,0.90964823968980756952
8040,0.99383736741033146256
8041,0.99446883123230001011
8042,0.99686750844685223516
8043,0.99501858348638716478
8044,0.13926299384640586365
8045,0.00037010813640032231
8046,0.17793720990182376740
8047,0.99107421647048943303
8048,0.45215870314944756059
8049,0.99000260361888903216
8050,0.95280387150633660820
8051,0.14156891659862363975
8052,0.99355007286994712068
8053,0.31117957418941943892
8054,0.27826094708116344556
8055,0.96074537010297766937
8056,0.98577178495718886797
8057,0.42747683976138767248
8058,0.96424618376811843667
8059,0.97433633017119036790
8060,0.45215870314944756059
8061,0.99837133845147196798
8062,0.96074537010297766937
8063,0.43438504810870987027
8064,0.90565895431191667519
8065,0.94320674070453147664
8066,0.95405062731710887913
8067,0.99629328319267995706
8068,0.93723423127576466207
8069,0.99640082051211475989
8070,0.20749005658600372382
8071,0.23136150393692933580
8072,0.93206237040734341015
8073,0.99912341371992441363
8074,0.99541131981481656421
8075,0.93397746385963897886
8076,0.31630980340413772378
8077,0.98911230484395351592
8078,0.98779105022494506638
8079,0.17218305644686116018
8080,0.96074537010297766937
8081,0.00308716252974936337
8082,0.98353340389693066914
8083,0.96418026543091961411
8084,0.20725674262383186885
8085,0.96760032023442976712
8086,0.82328441475440550246
8087,0.96803300825422800013
8088,0.02287855997849607206
8089,0.10714126383742701709
8090,0.87046444325026306466
8091,0.00481425622452969978
8092,0.93804648404171597775
8093,0.01477808262281820814
8094,0.95280387150633671922
8095,0.99401572650313785307
8096,0.99452329535299321961
8097,0.99236647251014131754
8098,0.95211962375603143016
8099,0.92357372097881251793
8100,0.92012657146481369175
8101,0.98978490964429610699
8102,0.45215870314944756059
8103,0.16474232552045306455
8104,0.10714126383742703097
8105,0.00318472722889312498
8106,0.00052307793950362967
8107,0.00382524733842915703
8108,0.02506923080757065408
8109,0.90986191180528430689
8110,0.04954334094497579721
8111,0.00016729434307380034
8112,0.98731510352232643157
8113,0.99504058434339226480
8114,0.96424618376811843667
8115,0.99699888350060483777
8116,0.97017186867615567980
8117,0.00402328447428124906
8118,0.98258086930367749545
8119,0.23136150393692933580
8120,0.99251187069742152769
8121,0.05284767853200277726
8122,0.97701576984921922886
8123,0.02487973069054384007
8124,0.98577178495718886797
8125,0.99726606816537433087
8126,0.05660288419337434346
8127,0.99020754159675972161
8128,0.94594591882230816271
8129,0.90964823968980756952
8130,0.90986191180528430689
8131,0.10982248155053699057
8132,0.95644529920859089334
8133,0.93206237040734352117
8134,0.96803300825422800013
8135,0.96424618376811843667
8136,0.23136150393692933580
8137,0.90964823968980756952
8138,0.99340026486528887339
8139,0.98853824205631168898
8140,0.98373428131611684311
8141,0.90986191180528419586
8142,0.00322185549202739455
8143,0.21052354758203190022
8144,0.85631611979021948766
8145,0.45215870314944756059
8146,0.04480082429637299163
8147,0.02252074689497769386
8148,0.99891920292635172363
8149,0.99582680570963777456
8150,0.99203685322025914051
8151,0.05466884310911349770
8152,0.99445423481727346360
8153,0.99203685322025902948
8154,0.99340026486528887339
8155,0.94887922394947743499
8156,0.97799173548750806262
8157,0.02252074689497769039
8158,0.08293334250374097272
8159,0.45215870314944756059
8160,0.10714126383742703097
8161,0.90986191180528430689
8162,0.99657162242362129501
8163,0.01872582429436552356
8164,0.99308685853704803392
8165,0.07894615733295093363
8166,0.98804455648443700877
8167,0.00488640990033200901
8168,0.84737040666836183078
8169,0.98930084075960189605
8170,0.96074537010297766937
8171,0.99394873724452426078
8172,0.96074537010297766937
8173,0.17582176229366283660
8174,0.00149388965090636199
8175,0.99460339022367505457
8176,0.96380916063200994248
8177,0.96074537010297766937
8178,0.78439707340996078777
8179,0.06417012278830480643
8180,0.99608272565860356274
8181,0.99700256151073973765
8182,0.99435667714459641253
8183,0.99305736920322995598
8184,0.97941506149143819915
8185,0.13910472209222810025
8186,0.99793493854420900480
8187,0.24242118358305048131
8188,0.99870819817637845883
8189,0.97433633017119036790
8190,0.97648506541205681852
8191,0.99887633529946839861
8192,0.90986191180528430689
8193,0.96760032023442976712
8194,0.13910472209222810025
8195,0.34028771430045490209
8196,0.97685604219053634445
8197,0.99558358030142968254
8198,0.03846092250984798483
8199,0.48979175623684007013
8200,0.04108723919777827749
8201,0.01450773170934459982
8202,0.98989751718063012653
8203,0.99571727004848087361
8204,0.94168032506232290935
8205,0.05557527640388017914
8206,0.99916910196939390243
8207,0.99732465428701755350
8208,0.04438893591073357625
8209,0.93096078301317686243
8210,0.98353340389693066914
8211,0.99887268720202870842
8212,0.99839033083174988370
8213,0.19354578740217509569
8214,0.02252074689497769386
8215,0.31885177357174243618
8216,0.99547197138542442563
8217,0.92357372097881262896
8218,0.99397747835690142271
8219,0.45215870314944756059
8220,0.99385803162074148887
8221,0.00601550338109738559
8222,0.96405042140885766067
8223,0.99630574296849594429
8224,0.88789071879450087721
8225,0.99565982039197098441
8226,0.99607609660393570117
8227,0.00037010813640032231
8228,0.32432067448947937693
8229,0.04371515072205095498
8230,0.97816439124591370025
8231,0.99686079379454772820
8232,0.45215870314944756059
8233,0.51154113142665802449
8234,0.99115241970037448738
8235,0.98577178495718886797
8236,0.48979175623684012564
8237,0.01152534250644130301
8238,0.98179769087635793134
8239,0.97823645839401707214
8240,0.99445423481727346360
8241,0.72651887857465236031
8242,0.99501858348638716478
8243,0.51774495677810905558
8244,0.98629128582509906220
8245,0.95049426578946949462
8246,0.96760032023442976712
8247,0.99280231257968332148
8248,0.99906237238912187770
8249,0.17061375690498117863
8250,0.99544643511979735706
8251,0.99308685853704803392
8252,0.99137300185001697717
8253,0.99917668836259465603
8254,0.90986191180528430689
8255,0.98585249458915968912
8256,0.95180720458330203559
8257,0.35543850326255266303
8258,0.99564068636818259250
8259,0.03651057028377570346
8260,0.98810265000254848822
8261,0.95359344903179665831
8262,0.98896168142004947654
8263,0.99584006079800768685
8264,0.98179769087635782032
8265,0.99248316552071158547
8266,0.02088738783421724768
8267,0.99334763648893176224
8268,0.99823741923784969909
8269,0.99137300185001697717
8270,0.99507923978643153529
8271,0.96803300825422800013
8272,0.90986191180528430689
8273,0.90986191180528430689
8274,0.45215870314944756059
8275,0.00276507261505593536
8276,0.00990082682750918937
8277,0.97361898831668514109
8278,0.30294709631771177261
8279,0.98981653272923941778
8280,0.99101544862756640875
8281,0.98439646903025790348
8282,0.91674807168342897779
8283,0.23136150393692933580
8284,0.85631611979021948766
8285,0.22359959302369467049
8286,0.04404946689515099045
8287,0.97687288921358628180
8288,0.23136150393692933580
8289,0.45215870314944756059
8290,0.98810265000254837719
8291,0.99251187069742152769
8292,0.01979781342981862605
8293,0.85799997545455097825
8294,0.27639664449571055282
8295,0.39526107288222356306
8296,0.99276378699800982286
8297,0.45215870314944756059
8298,0.99334498512285995808
8299,0.99600251031155973003
8300,0.97036457823346711216
8301,0.99885793560433577820
8302,0.96357200739948645207
8303,0.95840199822126670437
8304,0.99390916502743564820
8305,0.98413360132376248579
8306,0.00034108994846031033
8307,0.99848442407113735531
8308,0.99849748087238554550
8309,0.00426735454801334489
8310,0.97690305335930405217
8311,0.00846099194582771406
8312,0.98491224495617346602
8313,0.90964823968980756952
8314,0.99491782656087190961
8315,0.98230636251898428846
8316,0.97352212945891725138
8317,0.05660288419337434346
8318,0.27945249131813537646
8319,0.99394873724452426078
8320,0.98309000747486596783
8321,0.99958977378502533728
8322,0.00052307793950362967
8323,0.99520684449181551212
8324,0.90964823968980756952
8325,0.97799173548750806262
8326,0.98057137507549951838
8327,0.94404266771282052684
8328,0.00040955648451267260
8329,0.95211962375603143016
8330,0.98179769087635804237
8331,0.90986191180528430689
8332,0.01210674547417984331
8333,0.96289955340422084262
8334,0.75441734644550784150
8335,0.99945500965129618898
8336,0.00299564394553941639
8337,0.96074537010297766937
8338,0.99308685853704803392
8339,0.02496059308339968613
8340,0.99957024759839341321
8341,0.01746696306715931832
8342,0.06563252463278559934
8343,0.99248316552071169649
8344,0.04371515072205095498
8345,0.96418026543091961411
8346,0.15408424240288301488
8347,0.23136150393692933580
8348,0.95280387150633660820
8349,0.90964823968980756952
8350,0.09276848389394018457
8351,0.03810858697556969432
8352,0.01129924895897853332
8353,0.01129924895897853332
8354,0.97157399826118673314
8355,0.98353340389693066914
8356,0.12189702558012301126
8357,0.99571727004848087361
8358,0.82198945117732835630
8359,0.53997079759766564155
8360,0.99864752957387847854
8361,0.45215870314944756059
8362,0.98896168142004947654
8363,0.98577178495718886797
8364,0.45215870314944756059
8365,0.96803300825422800013
8366,0.06716313559482169071
8367,0.00835059276625284980
8368,0.98810265000254837719
8369,0.01185751235771925587
8370,0.99683156131271355438
8371,0.96756203518402850161
8372,0.99906237238912187770
8373,0.98810265000254848822
8374,0.97773783871748032315
8375,0.97547262183049887607
8376,0.72651887857465236031
8377,0.23115621532488817014
8378,0.79338569952165061139
8379,0.96074537010297766937
8380,0.93037655285868547939
8381,0.99550594741708930968
8382,0.98225950742844814201
8383,0.99691955581498148398
8384,0.99385803162074137784
8385,0.95518035545435842071
8386,0.96803300825422800013
8387,0.75928168761874470505
8388,0.99638670112943061863
8389,0.02669589648869602136
8390,0.99564068636818270353
8391,0.99808576348218669416
8392,0.99197670101491086658
8393,0.27745330841658427667
8394,0.94738879222950889147
8395,0.57201797005035059929
8396,0.02252074689497769386
8397,0.92925705027896599031
8398,0.99851400838701953599
8399,0.96803300825422811116
8400,0.23136150393692933580
8401,0.35423973242360551339
8402,0.48979175623684001462
8403,0.99768788627691773474
8404,0.94669425544982599430
8405,0.98604494576405643524
8406,0.99921551324777257985
8407,0.98179769087635793134
8408,0.99026728278856135379
8409,0.97157399826118673314
8410,0.03392970853189419128
8411,0.99694766987533867120
8412,0.53997079759766564155
8413,0.70027452850610094615
8414,0.00594889761388638950
8415,0.03697937604611695878
8416,0.60663516319474009020
8417,0.97059574288402794551
8418,0.98057137507549951838
8419,0.99848442407113735531
8420,0.10714126383742703097
8421,0.08758990979695195633
8422,0.98573849945712233023
8423,0.98648192975381854275
8424,0.02044259663008537314
8425,0.99169835200621347937
8426,0.96867592414128989020
8427,0.92451952003175241757
8428,0.99683156131271355438
8429,0.99334498512285995808
8430,0.00053375145640072684
8431,0.90625823479930733839
8432,0.96760032023442987814
8433,0.99803243787635564921
8434,0.98179769087635804237
8435,0.03484549919353129022
8436,0.97648506541205681852
8437,0.99276378699800982286
8438,0.98353340389693066914
8439,0.96760032023442976712
8440,0.32432067448947937693
8441,0.00237643343124798552
8442,0.48979175623684001462
8443,0.99892638427478630536
8444,0.82014142806691825438
8445,0.96074537010297766937
8446,0.99683156131271355438
8447,0.99830776213932492791
8448,0.94404266771282052684
8449,0.99314185576043789716
8450,0.79874810923999450818
8451,0.98517745008520773986
8452,0.98179769087635793134
8453,0.99169835200621359039
8454,0.98980513041232764948
8455,0.99140605681497617763
8456,0.98179769087635782032
8457,0.99920398586115977135
8458,0.98804455648443700877
8459,0.99239877980391022483
8460,0.01938131704389493143
8461,0.22018062646379885083
8462,0.64513458300076365060
8463,0.98810265000254848822
8464,0.45215870314944756059
8465,0.04181117941696133045
8466,0.90986191180528430689
8467,0.99771180001123693781
8468,0.99544643511979735706
8469,0.98443732195111111061
8470,0.16474232552045306455
8471,0.99314185576043789716
8472,0.78439707340996089879
8473,0.98668098524267233707
8474,0.99445423481727346360
8475,0.90986191180528430689
8476,0.98083264120426283394
8477,0.94697783852655526005
8478,0.45215870314944756059
8479,0.99525407624981165888
8480,0.98577178495718886797
8481,0.99217024330417202815
8482,0.98911230484395351592
8483,0.97648506541205670750
8484,0.00328057614939413237
8485,0.98577178495718886797
8486,0.99611013031086970138
8487,0.99683156131271355438
8488,0.16474232552045306455
8489,0.98179769087635793134
8490,0.98419952791888920540
8491,0.95732846551851846773
8492,0.06563252463278559934
8493,0.97344150650092231558
8494,0.96803300825422800013
8495,0.98093338217438252880
8496,0.03100725150737206753
8497,0.16474232552045306455
8498,0.99355007286994712068
8499,0.70587889504798850826
8500,0.99420624106747423898
8501,0.99726606816537433087
8502,0.98810265000254848822
8503,0.99564068636818259250
8504,0.97344150650092231558
8505,0.60663516319474009020
8506,0.99308685853704803392
8507,0.94404266771282052684
8508,0.45497217321803762324
8509,0.48979175623684007013
8510,0.19354578740217506794
8511,0.99630574296849594429
8512,0.10692429045823698130
8513,0.22923859300479890178
8514,0.16474232552045306455
8515,0.23263030624591213291
8516,0.97974842579528498288
8517,0.99207846983261804841
8518,0.99958977378502544830
8519,0.99758225478904427597
8520,0.96188330511919972743
8521,0.91652627167818201404
8522,0.46964228243596001233
8523,0.99683182196385544671
8524,0.99774791321031763847
8525,0.97315689454823639526
8526,0.03421578515574980051
8527,0.99165493152284189815
8528,0.95570367041706194566
8529,0.99330242329920381827
8530,0.01363527880208429202
8531,0.99892638427478630536
8532,0.94168032506232290935
8533,0.00052307793950362967
8534,0.39526107288222356306
8535,0.57337476540059806318
8536,0.99803231896436528370
8537,0.98577178495718886797
8538,0.99334498512285995808
8539,0.06351692459332639040
8540,0.99934990444810456456
8541,0.99385803162074126682
8542,0.08758990979695194246
8543,0.99547629774399004621
8544,0.99481856699844262160
8545,0.45215870314944756059
8546,0.99437746722656084053
8547,0.91652627167818201404
8548,0.16107157487936712981
8549,0.90986191180528430689
8550,0.99355007286994712068
8551,0.45215870314944756059
8552,0.98179769087635793134
8553,0.05993605960414059852
8554,0.91694225313755806095
8555,0.99179735571639016101
8556,0.98413360132376248579
8557,0.99758225478904427597
8558,0.56139940769990126501
8559,0.04954334094497579721
8560,0.99803243787635564921
8561,0.99845461809633562211
8562,0.99220384394567018305
8563,0.99251187069742152769
8564,0.90964823968980756952
8565,0.99383736741033146256
8566,0.99461197970980741445
8567,0.97648506541205670750
8568,0.99683156131271355438
8569,0.65753049603930724398
8570,0.00631122687721099359
8571,0.99340026486528887339
8572,0.30294709631771177261
8573,0.78260586200640347432
8574,0.01512739131363702999
8575,0.01392088505615493577
8576,0.99015203537747431550
8577,0.99460339022367505457
8578,0.85799997545455097825
8579,0.24242118358305053682
8580,0.90964823968980756952
8581,0.05797010493842221640
8582,0.00060385468281059997
8583,0.96188330511919972743
8584,0.00289186666203233725
8585,0.27969514761397518132
8586,0.99668977578253814542
8587,0.99848442407113735531
8588,0.99569768391260426998
8589,0.23136150393692933580
8590,0.99340026486528887339
8591,0.98575707062620787635
8592,0.90986191180528430689
8593,0.96760032023442976712
8594,0.99555523492829500753
8595,0.99849748087238554550
8596,0.81202753293117668765
8597,0.99297093400936553564
8598,0.99958977378502544830
8599,0.32432067448947932142
8600,0.00865162355102417138
8601,0.90094488586299514843
8602,0.99137300185001697717
8603,0.97141504174763304569
8604,0.99803231896436528370
8605,0.90964823968980756952
8606,0.99569768391260426998
8607,0.99547197138542442563
8608,0.98804455648443700877
8609,0.99251187069742152769
8610,0.90986191180528419586
8611,0.99747364238375679779
8612,0.88851328495523762552
8613,0.99081525364196343375
8614,0.66150497464517143964
8615,0.14431180620986500118
8616,0.99045941847452123596
8617,0.18546114307223912632
8618,0.97082641921808321417
8619,0.81224318173729403991
8620,0.00861281310426249488
8621,0.99105210713521907362
8622,0.99248316552071158547
8623,0.99497618929596853832
8624,0.98353340389693066914
8625,0.97393619105785911305
8626,0.99550594741708919866
8627,0.93026453203519865465
8628,0.99725346777143342170
8629,0.98082673068689907314
8630,0.97352212945891725138
8631,0.99672100541574681909
8632,0.99973836758448164641
8633,0.85206890655040545823
8634,0.01263802281412083894
8635,0.99020754159675972161
8636,0.99309558640957773523
8637,0.99502210672858715235
8638,0.96074537010297766937
8639,0.93570216774715919694
8640,0.96074537010297766937
8641,0.98353340389693066914
8642,0.98250496213768212517
8643,0.30294709631771177261
8644,0.00219027754451463826
8645,0.97816439124591370025
8646,0.98810265000254848822
8647,0.00801432503906100019
8648,0.99616047693508447125
8649,0.27969514761397518132
8650,0.01157899731122059329
8651,0.98083264120426283394
8652,0.99550594741708919866
8653,0.19354578740217506794
8654,0.99401572650313796409
8655,0.01138861348841753787
8656,0.13792905405929806184
8657,0.99236301634766610480
8658,0.99793493854420900480
8659,0.00970072924409770034
8660,0.03887626751431436101
8661,0.00289186666203233769
8662,0.93206237040734341015
8663,0.98732742595744316105
8664,0.90565895431191667519
8665,0.98737637596605221102
8666,0.96418026543091961411
8667,0.96074537010297766937
8668,0.94912610841906186465
8669,0.13514875394867970071
8670,0.99803231896436528370
8671,0.99151577832918991184
8672,0.99203685322025914051
8673,0.97352212945891736240
8674,0.99289796722772183379
8675,0.99020754159675972161
8676,0.79389353158568443103
8677,0.99608272565860356274
8678,0.99340026486528887339
8679,0.75441734644550784150
8680,0.92925705027896599031
8681,0.02252074689497768692
8682,0.97344150650092231558
8683,0.98179769087635804237
8684,0.90964823968980756952
8685,0.16107157487936712981
8686,0.99556031674484779526
8687,0.99683156131271355438
8688,0.98883629285140317577
8689,0.95023315363522464772
8690,0.97363208197819561818
8691,0.62970411464764453058
8692,0.99720274833649413804
8693,0.99815102485043816216
8694,0.00089248812335132198
8695,0.23136150393692933580
8696,0.98179769087635793134
8697,0.98480218233325733657
8698,0.99251187069742152769
8699,0.99550507015496791929
8700,0.99263868054315640421
8701,0.99385803162074137784
8702,0.99045941847452112494
8703,0.90094488586299514843
8704,0.95280387150633660820
8705,0.81899550375364227328
8706,0.99957024759839341321
8707,0.99803231896436528370
8708,0.03669665893107037363
8709,0.93736925752478184037
8710,0.32432067448947932142
8711,0.99691955581498148398
8712,0.99437746722656084053
8713,0.99867748166704439772
8714,0.00089248812335132198
8715,0.99203685322025914051
8716,0.99368365523247215165
8717,0.99901612868900002695
8718,0.94714504359041173931
8719,0.23136150393692933580
8720,0.95518035545435853173
8721,0.93262388606033252980
8722,0.90986191180528430689
8723,0.00289186666203233769
8724,0.99045941847452112494
8725,0.99718044874979416825
8726,0.08438195371364462516
8727,0.00192977132180518346
8728,0.05551184840834257062
8729,0.99848442407113735531
8730,0.98804455648443700877
8731,0.00037010813640032231
8732,0.98879619004471697163
8733,0.05660288419337434346
8734,0.99664045624243724486
8735,0.36209954757422124771
8736,0.98507849353569698625
8737,0.98179769087635793134
8738,0.99397747835690142271
8739,0.98225950742844814201
8740,0.45215870314944756059
8741,0.99544643511979735706
8742,0.13926299384640586365
8743,0.85842899483218682022
8744,0.29447506726507921559
8745,0.34367166082120897963
8746,0.87917323458840668238
8747,0.99491782656087190961
8748,0.98911230484395351592
8749,0.91734730106815176587
8750,0.00040579965733801809
8751,0.90964823968980756952
8752,0.96418026543091961411
8753,0.99726606816537433087
8754,0.98179769087635793134
8755,0.99777820918696313868
8756,0.99908125703300409981
8757,0.99612960727336608002
8758,0.94404266771282052684
8759,0.33780817445815081168
8760,0.98032712009603095726
8761,0.94841024575205779001
8762,0.78439707340996089879
8763,0.99501858348638716478
8764,0.99672100541574681909
8765,0.32432067448947932142
8766,0.99321589471346705125
8767,0.09638409156483276896
8768,0.00870391818838660465
8769,0.96074537010297766937
8770,0.96074537010297766937
8771,0.99520684449181551212
8772,0.97680422459498794652
8773,0.35543850326255266303
8774,0.00893340921019117676
8775,0.45215870314944756059
8776,0.00643018741874735490
8777,0.45215870314944756059
8778,0.97648506541205681852
8779,0.96760032023442976712
8780,0.53888920535213225005
8781,0.99429034675099559060
8782,0.99721742974762161982
8783,0.07652846868544495307
8784,0.99803243787635564921
8785,0.99557016455234526031
8786,0.99906237238912187770
8787,0.59015990595590461787
8788,0.45215870314944756059
8789,0.97583160849775585355
8790,0.99271432345370369532
8791,0.28571088665259208872
8792,0.03130464339406813928
8793,0.95049426578946938360
8794,0.99911992832732632319
8795,0.99849748087238543448
8796,0.99308685853704803392
8797,0.05200351258828655315
8798,0.22359959302369469825
8799,0.90986191180528430689
8800,0.96380916063200994248
8801,0.99731570256833879107
8802,0.99904655557238286612
8803,0.27626229868662349753
8804,0.99804908096757405378
8805,0.93932298991383966769
8806,0.95351417979231545274
8807,0.99949699688714765955
8808,0.96871227206518273345
8809,0.99794700896288934810
8810,0.99971311415885910634
8811,0.75586779792085045937
8812,0.84757586015964547776
8813,0.98697951939709238633
8814,0.99591538522463329830
8815,0.99892320438203563437
8816,0.91551552780749179128
8817,0.99995979213359276194
8818,0.99998305248854224558
8819,0.90280338325287012857
8820,0.97785497661236797651
8821,0.99994063170984726074
8822,0.99409786057737770104
8823,0.98237281128745990166
8824,0.98672109100691551831
8825,0.33166540264380661718
8826,0.99999665849422858521
8827,0.98212897786727793026
8828,0.99642525532092518503
8829,0.99794700896288934810
8830,0.99998593313080874623
8831,0.96232551893945050825
8832,0.99287375511696496222
8833,0.90280338325287012857
8834,0.99944392236017709497
8835,0.98825494200602947981
8836,0.99248136097078742957
8837,0.99947520719467308759
8838,0.99894803808321974703
8839,0.99975902623655998891
8840,0.99946862378921685899
8841,0.99966773824690435823
8842,0.99979671256076474428
8843,0.99276583454250433292
8844,0.96051617152382917642
8845,0.99999446337860808942
8846,0.99549111584644756068
8847,0.96396482229962399124
8848,0.99978538232306035649
8849,0.97785497661236797651
8850,0.99997400138646763690
8851,0.99987210242983737274
8852,0.99736546512515034113
8853,0.99135351872479338109
8854,0.99994127254044884445
8855,0.99999446337860808942
8856,0.99997573501502101667
8857,0.99977387280238583234
8858,0.99534090050796342197
8859,0.99830297597892203587
8860,0.99976984437841631692
8861,0.99497873606079401121
8862,0.99977650279040397585
8863,0.75586779792085045937
8864,0.99960434450552626551
8865,0.98860346823818301409
8866,0.94626343824407588290
8867,0.99110803547537973390
8868,0.99967386127656243655
8869,0.99747320343646439511
8870,0.03494296276778727922
8871,0.99994109190204005788
8872,0.92070119142110673494
8873,0.99998152327502964898
8874,0.03044098843876191091
8875,0.99928277550605448809
8876,0.99972593701634748786
8877,0.99952226655755005424
8878,0.99950525229360442925
8879,0.84757586015964547776
8880,0.99999446337860808942
8881,0.93633278602428182680
8882,0.99961819240600013892
8883,0.99085630235853472403
8884,0.99804908096757405378
8885,0.99886895414556442496
8886,0.99416426903413945837
8887,0.99959021346777909844
8888,0.99685753285675182678
8889,0.99920454919164825025
8890,0.99269924879201765222
8891,0.99379750003210109988
8892,0.98672109100691562933
8893,0.96535629372316344998
8894,0.99437024079108082830
8895,0.99963101314628621807
8896,0.99030751008918160849
8897,0.60754620502360678902
8898,0.98021301132132887535
8899,0.53012887394904406602
8900,0.02895510649254948859
8901,0.99373736680297242163
8902,0.99852568459415413926
8903,0.70522976950853022426
8904,0.82282734878404995005
8905,0.99974696761815284862
8906,0.99966918460479581299
8907,0.99250771430956163943
8908,0.99630940558939906637
8909,0.97015770207644169698
8910,0.99818368431063164703
8911,0.82282734878404995005
8912,0.93419542421623635864
8913,0.99891894177879692052
8914,0.97379021930639020344
8915,0.96232551893945050825
8916,0.99999423942903109541
8917,0.99418522851851787170
8918,0.99814055023329040228
8919,0.99992200151117660578
8920,0.99996790815697034205
8921,0.98370665612324970084
8922,0.99835274259127293472
8923,0.99852736512415141146
8924,0.99271297521333012881
8925,0.99985302755544125386
8926,0.99870195803502637144
8927,0.99965394329791956718
8928,0.99980321808884076162
8929,0.99504739078368886762
8930,0.99996622782364441573
8931,0.21554140571361043999
8932,0.97783688620241449030
8933,0.95589465552951713434
8934,0.99913715510852885160
8935,0.98604345991778075131
8936,0.99839768867297418176
8937,0.95379129085770586460
8938,0.69898612402702164914
8939,0.92937155103572455239
8940,0.99989431890092494992
8941,0.98844343517974964097
8942,0.99999807868860046689
8943,0.99208821472100106043
8944,0.99677521412290825964
8945,0.99993014057755202906
8946,0.99983267946542675464
8947,0.99992650837709884382
8948,0.97379021930639009241
8949,0.97390785023344272897
8950,0.06206110576776047161
8951,0.99920480273892919865
8952,0.97794722837694092465
8953,0.97324748307039266049
8954,0.60754620502360667800
8955,0.99960871832006448212
8956,0.54003730951954564965
8957,0.99917463914040149930
8958,0.99945532308415419021
8959,0.99685884745839414833
8960,0.74192437742929351341
8961,0.99986967692442907385
8962,0.99788754428150538978
8963,0.99905511715205963519
8964,0.99110803547537962288
8965,0.17955400987880648644
8966,0.98955641943002659033
8967,0.99811057253322943428
8968,0.01177705120552690471
8969,0.99989154186868312024
8970,0.99928634124058379751
8971,0.99990509784848380370
8972,0.99007902601845310109
8973,0.99928144580451594425
8974,0.99778467040950125089
8975,0.97049843035047544948
8976,0.99993849174134652458
8977,0.99871102355124630190
8978,0.99983507180571462580
8979,0.99984485211593754350
8980,0.99302759333013190801
8981,0.99541258949936806122
8982,0.80978447046175772162
8983,0.99967535026281917343
8984,0.98880351509615649341
8985,0.99993127632308798081
8986,0.99092056248626592119
8987,0.99765653980856450200
8988,0.84419422433646185144
8989,0.98531205894347717589
8990,0.43631336796630054709
8991,0.99302759333013201903
8992,0.99045079269090274821
8993,0.99630128674637619124
8994,0.99957403130087874032
8995,0.99226196965075630363
8996,0.99908327673968599925
8997,0.93796791637283360998
8998,0.94204491700578141256
8999,0.99703103316399444012
9000,0.99460102691429752575
9001,0.43631336796630060260
9002,0.99651000099114439568
9003,0.99986658911189230103
9004,0.86341202143896489396
9005,0.99987455755843535066
9006,0.99657275174916493121
9007,0.97293613749037310967
9008,0.99846920133584649015
9009,0.95871361514582031926
9010,0.99998392551062065259
9011,0.99632136585525221673
9012,0.99642413631835058396
9013,0.15541678035831352211
9014,0.99952892909838764179
9015,0.99904435357286502928
9016,0.87447149306367022437
9017,0.43631336796630054709
9018,0.99989015401530267901
9019,0.33622129596612920777
9020,0.90632706020962006122
9021,0.99881063218850629770
9022,0.99981909006017699593
9023,0.99833533806712126957
9024,0.99973748139479756691
9025,0.99753114730485592521
9026,0.89345133511426721995
9027,0.99437024079108082830
9028,0.99951441794944184682
9029,0.99893607071123535768
9030,0.99998416582624349846
9031,0.99996745139922016410
9032,0.98135525045253246823
9033,0.99485884528852730480
9034,0.98225764804524529072
9035,0.99394289934345181337
9036,0.98349854599322172888
9037,0.99963394054138632328
9038,0.99987452466362292114
9039,0.99399787136447093072
9040,0.22532133130283044098
9041,0.05042737386396529270
9042,0.42442551750606916094
9043,0.89025328749517340654
9044,0.05954559779927147412
9045,0.99013625039872044109
9046,0.99707695810243146539
9047,0.99994685882193667936
9048,0.79466863886680927376
9049,0.94344506148162343706
9050,0.99979296398088546294
9051,0.99997109625491520379
9052,0.99987004398397649751
9053,0.99918505187062012229
9054,0.99968880434567741755
9055,0.99950886346452350040
9056,0.94745052270447993603
9057,0.99938665715267227529
9058,0.99887784265745560575
9059,0.99999446337860808942
9060,0.99756795617946081300
9061,0.99967535026281917343
9062,0.99541504447152850954
9063,0.99996683214780812676
9064,0.99994127254044884445
9065,0.97209166534886493061
9066,0.99765653980856450200
9067,0.98977028313411641314
9068,0.99919269061559301548
9069,0.97481220386962530444
9070,0.88558814887251757764
9071,0.99690554653299412458
9072,0.99429086715783132622
9073,0.99943415707563521000
9074,0.99923721605807891422
9075,0.98880351509615660444
9076,0.99999183566590077454
9077,0.99953922019701368917
9078,0.98349854599322172888
9079,0.92528707659406650432
9080,0.99798206855300608531
9081,0.94492719775152789197
9082,0.99998101254904514512
9083,0.45735884271579424487
9084,0.99926814898375926344
9085,0.99969222744554242510
9086,0.99693340745617131660
9087,0.93526946457560156123
9088,0.99595376340819563588
9089,0.99998101254904514512
9090,0.98238938235256223486
9091,0.98267670300127085703
9092,0.99909483780741892289
9093,0.98112829150378522147
9094,0.86096208247099792477
9095,0.35253868397151350011
9096,0.68910844760890355154
9097,0.99740503112910783301
9098,0.99997499228832353868
9099,0.98672109100691562933
9100,0.99944392236017709497
9101,0.82282734878404983903
9102,0.75907118450526700482
9103,0.99972307613057609377
9104,0.99999446337860808942
9105,0.78855860821181211762
9106,0.99996203697773011765
9107,0.99552333050222374666
9108,0.99894659565782606414
9109,0.99513015458079434605
9110,0.99827226377399125301
9111,0.01177705120552690471
9112,0.99713852982609152420
9113,0.99404120688787223070
9114,0.98045251999926963382
9115,0.99989431890092494992
9116,0.15171498756192636215
9117,0.99693976339805312481
9118,0.99973364118528396105
9119,0.99874969439413641137
9120,0.17402075397506497345
9121,0.99999631698144142433
9122,0.95604056036772744331
9123,0.99248136097078754059
9124,0.99889356062661494029
9125,0.99811140033033618479
9126,0.99994043737642779313
9127,0.08204710947905018148
9128,0.99761324597655720581
9129,0.99962376195332891538
9130,0.99903283538120413176
9131,0.99980872448116009377
9132,0.88579884717986168141
9133,0.99975608299939655588
9134,0.99998721939988732821
9135,0.99183830352071622460
9136,0.99931690572329257005
9137,0.99685884745839414833
9138,0.94512214353771395459
9139,0.99983220014068729942
9140,0.95512872314137531315
9141,0.99999713847507432085
9142,0.99634496369441305497
9143,0.99988462114755638499
9144,0.02895510649254948859
9145,0.96566321255525622291
9146,0.99981021370809508575
9147,0.98405849068025419424
9148,0.99999803182743918217
9149,0.99938164184982469784
9150,0.98512022993761283463
9151,0.99956381572195396323
9152,0.99982032291513434075
9153,0.77168711409864476636
9154,0.99876240240355640410
9155,0.97966491932041521729
9156,0.99994615899247341062
9157,0.15086216257674223140
9158,0.99026661718329445083
9159,0.99988157520197940009
9160,0.28001066134572627497
9161,0.99183216068185309222
9162,0.98801751340257226719
9163,0.99997754112827674788
9164,0.99626741366376359021
9165,0.43631336796630060260
9166,0.99924301374129242959
9167,0.98555799004984612210
9168,0.99814721691651453472
9169,0.99587627204256390367
9170,0.99974403487827134818
9171,0.99771861362767844117
9172,0.99988170532372555588
9173,0.99685753285675182678
9174,0.99952084910438177001
9175,0.84034333184698828401
9176,0.99922045677679782738
9177,0.99287375511696485120
9178,0.99763075405902901238
9179,0.87760115108016722996
9180,0.99531945212656824928
9181,0.80821574407664875661
9182,0.99996790815697034205
9183,0.99713852982609152420
9184,0.98255136405358300955
9185,0.99706039951313507608
9186,0.99980832529435859080
9187,0.82282734878404983903
9188,0.96793574616045841008
9189,0.75586779792085034835
9190,0.36097248899083794749
9191,0.75586779792085023733
9192,0.99797453391022405977
9193,0.99879964658602671257
9194,0.99965761178377676721
9195,0.99768860158680983119
9196,0.99623977079906333998
9197,0.56481577704055041522
9198,0.98584835829819394970
9199,0.99903011672506125684
9200,0.43631336796630060260
9201,0.95999215080372601872
9202,0.99092056248626592119
9203,0.99935568373365479822
9204,0.99136500817652117856
9205,0.99929546541642733093
9206,0.99988386748651958413
9207,0.99795026616949022991
9208,0.98832196215976308995
9209,0.99983363223018262289
9210,0.99998040786500219657
9211,0.99852231200119290211
9212,0.99934111005464643096
9213,0.99924128681246826567
9214,0.99977993928098773946
9215,0.99668076888815715364
9216,0.99992113136538784968
9217,0.99996688146260803709
9218,0.99859309657480910261
9219,0.98615174234430846845
9220,0.99877110186455297924
9221,0.07919301531196096255
9222,0.99198016506551023319
9223,0.96955025617110035530
9224,0.99947787083491101967
9225,0.04193439265872670602
9226,0.99413803087356800159
9227,0.95589465552951713434
9228,0.82554601376470893026
9229,0.20745064716514244330
9230,0.43631336796630065811
9231,0.07295670345573422588
9232,0.93966994546815296729
9233,0.99429926447526584266
9234,0.99936221396375679582
9235,0.99609891948954976115
9236,0.98698856307439053470
9237,0.99639419539552764871
9238,0.99939837036226675249
9239,0.99995282994968492929
9240,0.99921189711896341024
9241,0.99709868828876413449
9242,0.99236862213014065404
9243,0.99534390790504234658
9244,0.99481759923056478634
9245,0.99960705217341194739
9246,0.95266253941681677819
9247,0.99942254710897771020
9248,0.99578202830706386006
9249,0.98425279997045500568
9250,0.99750251141225454443
9251,0.81254444495945987725
9252,0.69898612402702153812
9253,0.99983220014068729942
9254,0.97737657490204576938
9255,0.99674949969323134447
9256,0.99606988757071202034
9257,0.56233354743672814280
9258,0.98275622280330610092
9259,0.99959138570071848218
9260,0.97785497661236797651
9261,0.99409904290273287675
9262,0.99265448331717476282
9263,0.13265362097280228304
9264,0.99858659233917423936
9265,0.99963496192218703751
9266,0.96535629372316344998
9267,0.91551552780749168026
9268,0.79466863886680938478
9269,0.99248136097078754059
9270,0.99981331268877404739
9271,0.99140385856061097325
9272,0.99992029297364837248
9273,0.89903405484524911984
9274,0.99903561703510546099
9275,0.99540715337885876668
9276,0.99250771430956163943
9277,0.99919369830884652295
9278,0.98968863608143509136
9279,0.99997669731984140107
9280,0.99498847504666076969
9281,0.99903011672506125684
9282,0.27986209159660696555
9283,0.60754620502360667800
9284,0.99923721605807891422
9285,0.99923080025665889092
9286,0.92937155103572455239
9287,0.99990131373585744434
9288,0.99386709446378118660
9289,0.99753188426077210593
9290,0.99693340745617131660
9291,0.40252043757345817854
9292,0.99999446337860808942
9293,0.99997766846134650276
9294,0.99691877997436528780
9295,0.99982200317163050229
9296,0.99938830598361083624
9297,0.99994827855096979352
9298,0.99687404810620905415
9299,0.76112672841906470200
9300,0.95465626014115156917
9301,0.95589465552951724536
9302,0.98098944440254054467
9303,0.99990146427215043090
9304,0.99539076743934995495
9305,0.99976852479506850280
9306,0.96597832103215286459
9307,0.99986872346613253626
9308,0.99962049944019448766
9309,0.97089964638606207625
9310,0.99987087526257212300
9311,0.75586779792085034835
9312,0.86096208247099803579
9313,0.99955020912754921625
9314,0.99923158455122840227
9315,0.99866115427441759511
9316,0.92560576190463461632
9317,0.99959415261887152315
9318,0.97379021930639009241
9319,0.94891925376915675638
9320,0.99919117434414217449
9321,0.99223094777929221610
9322,0.99999807868860046689
9323,0.99304635734922541701
9324,0.99015986217419360571
9325,0.99940581544032691674
9326,0.43631336796630065811
9327,0.99945517855616283764
9328,0.99685753285675182678
9329,0.99999814807838005581
9330,0.99989112599782759006
9331,0.99903500262899669337
9332,0.99640391848352005688
9333,0.99995276534112964573
9334,0.99992407683773287808
9335,0.99774046393003368305
9336,0.99995702320914159333
9337,0.98112892665754947163
9338,0.84938398632964928758
9339,0.98500793230939376333
9340,0.91265976563744666272
9341,0.83603724392401224108
9342,0.99751213023527163237
9343,0.99800519507392504437
9344,0.99999701129656870524
9345,0.98349854599322161786
9346,0.97874831941175566286
9347,0.90280338325287012857
9348,0.99437024079108071728
9349,0.79466863886680927376
9350,0.99697891572302177465
9351,0.99008433840404586057
9352,0.99989725013451469238
9353,0.99265775749055507049
9354,0.99995282994968492929
9355,0.99819710656362037327
9356,0.99777550812304405259
9357,0.99685753285675182678
9358,0.98688583665185969362
9359,0.99331616850840676047
9360,0.94204491700578130153
9361,0.99995518820627160572
9362,0.23366681608156442129
9363,0.94204491700578130153
9364,0.99874344029803174827
9365,0.30444389722731696191
9366,0.43631336796630060260
9367,0.99993299841645388870
9368,0.99977326163620616750
9369,0.79605384920912647395
9370,0.99879964658602671257
9371,0.99785140856297582790
9372,0.99968880434567741755
9373,0.65527491266125548197
9374,0.99416187165347025267
9375,0.98849489286129843535
9376,0.09354991835107133447
9377,0.98330830767197963116
9378,0.88558814887251779968
9379,0.99995276534112964573
9380,0.99970567508406193991
9381,0.99994089246291173456
9382,0.99728181647949554200
9383,0.99733782778626955956
9384,0.21172016568804105652
9385,0.28051573555565267881
9386,0.80978447046175772162
9387,0.97821068266237765076
9388,0.99997400138646763690
9389,0.99700272291263336566
9390,0.94941922327854832986
9391,0.98658318839246539333
9392,0.98349854599322172888
9393,0.99983772348700605814
9394,0.99988835227979444564
9395,0.99326023390173612260
9396,0.90612687254930224245
9397,0.66804889521353072457
9398,0.99997116706160349420
9399,0.41692464301985421304
9400,0.99990435309312419854
9401,0.41059692384145746180
9402,0.99811057253322943428
9403,0.99938500903691251942
9404,0.99685884745839414833
9405,0.94891925376915686741
9406,0.99976558478308064082
9407,0.93932298991383955666
9408,0.99990103629067805802
9409,0.66804889521353072457
9410,0.99823817685786087051
9411,0.99939382743638538464
9412,0.99630940558939906637
9413,0.99773858053294828263
9414,0.20268769348870757652
9415,0.99302759333013190801
9416,0.99815052886152799694
9417,0.99978137301243674706
9418,0.61122848808805674281
9419,0.99998101254904514512
9420,0.99273133266002500097
9421,0.99948139690509540944
9422,0.99954498138093039739
9423,0.99938866435125417453
9424,0.98584835829819394970
9425,0.98271438154937162945
9426,0.99983122368540278124
9427,0.99367605617581467037
9428,0.99927030434490038413
9429,0.99650475543969829761
9430,0.97607438856218164958
9431,0.99705670876821828053
9432,0.99013625039872044109
9433,0.99997799209971149903
9434,0.99470430348665817011
9435,0.92937155103572455239
9436,0.99990751108281061832
9437,0.99959794169925886287
9438,0.99778889519849034428
9439,0.99998317310142992298
9440,0.99995276534112964573
9441,0.99999446337860808942
9442,0.99688606736811924414
9443,0.60754620502360678902
9444,0.96644443327824325340
9445,0.99961640541114360481
9446,0.99949361706596684396
9447,0.99956254555128376538
9448,0.99580539004267176750
9449,0.99998101254904514512
9450,0.99874344029803174827
9451,0.60754620502360678902
9452,0.20208294237145402183
9453,0.27626229868662344202
9454,0.99998909535758562228
9455,0.97735704782171128890
9456,0.12730513873306753547
9457,0.01453703948584381817
9458,0.14899369083008207060
9459,0.99693340745617131660
9460,0.99574871668855546858
9461,0.99993453703659529452
9462,0.99849250720857674057
9463,0.99957899628811952564
9464,0.99889260370413035517
9465,0.99856681467380514761
9466,0.99970937101239198963
9467,0.99421416309390342469
9468,0.99182527201735182221
9469,0.24833558949236794744
9470,0.90280338325287012857
9471,0.99975902623655998891
9472,0.98880351509615649341
9473,0.99942253387259716302
9474,0.12579097136337658025
9475,0.98410751617756908605
9476,0.99212438741742181580
9477,0.86096208247099803579
9478,0.99971699847061112898
9479,0.99876240240355640410
9480,0.99886392241061494612
9481,0.99806806812289350361
9482,0.96407171613225994822
9483,0.99984532442704110444
9484,0.99808243885722325306
9485,0.99534090050796342197
9486,0.99994043737642779313
9487,0.99872893370912030342
9488,0.99267164022563081360
9489,0.99997766846134650276
9490,0.99917198218704350587
9491,0.99930960494605414191
9492,0.60754620502360678902
9493,0.60149342610747269511
9494,0.99876240240355640410
9495,0.43631336796630060260
9496,0.99775006731111448577
9497,0.99994043737642779313
9498,0.97785497661236797651
9499,0.98745774052775736607
9500,0.99998956314301412629
9501,0.93063557694631482420
9502,0.96918362263778345955
9503,0.99998135507857555115
9504,0.99992586617130929660
9505,0.99979885506445653753
9506,0.99999211257667552921
9507,0.99924128681246826567
9508,0.91353656231273405730
9509,0.97801479044647543493
9510,0.99706039951313507608
9511,0.99887100572437692581
9512,0.99760882844986875639
9513,0.74703028412736116604
9514,0.99711776567562926399
9515,0.93303258683802992035
9516,0.12732313294259614556
9517,0.88558814887251768866
9518,0.99984059865270413781
9519,0.99933244345955141164
9520,0.99749003451754203464
9521,0.05619524786982353637
9522,0.99997766421443379237
9523,0.94669455782518241449
9524,0.99570061435440782027
9525,0.78438824486836067340
9526,0.99972472824778058076
9527,0.99690401227914293703
9528,0.93371971644273865643
9529,0.98328505082162065420
9530,0.99707900912545677219
9531,0.99982067705733201901
9532,0.99790709933306864787
9533,0.99999446337860808942
9534,0.00311866217243656624
9535,0.98629860812119785063
9536,0.98584835829819406072
9537,0.99990010040754073728
9538,0.05042737386396529270
9539,0.99825028164366480521
9540,0.99698955264484012684
9541,0.99990284584883881713
9542,0.99712451836950266593
9543,0.99998593313080874623
9544,0.98880351509615660444
9545,0.98731752589043342283
9546,0.99932760689123256714
9547,0.99999446337860808942
9548,0.99988533795863399067
9549,0.99856721497724165726
9550,0.96759102300296462307
9551,0.25596107358806663434
9552,0.99967744406255654166
9553,0.87690780332522866303
9554,0.99903011672506125684
9555,0.99509029376838353809
9556,0.84419422433646185144
9557,0.99969539217895131422
9558,0.99918692680570475595
9559,0.88558814887251779968
9560,0.96581464165142705269
9561,0.99883219730923111790
9562,0.99982476727241509362
9563,0.99965865212220461622
9564,0.51886789514313724769
9565,0.90960418706531420696
9566,0.99479672702277721630
9567,0.99673830595039414337
9568,0.19931542426487885988
9569,0.99188387962300028633
9570,0.99967469616974025115
9571,0.05971787368023048770
9572,0.99986940331272122773
9573,0.31114850550502670679
9574,0.99709356426177875310
9575,0.99912973757965650723
9576,0.99916160583700752706
9577,0.84419422433646185144
9578,0.99665555868298738584
9579,0.99986490732450683527
9580,0.99947637704425329463
9581,0.60754620502360678902
9582,0.99781960389394463995
9583,0.99997079741934202790
9584,0.01536106846151390204
9585,0.99715359506473200124
9586,0.99947510058545729894
9587,0.96535629372316356100
9588,0.99838607905476250970
9589,0.25833404376807711511
9590,0.99994960480963901439
9591,0.99977387280238583234
9592,0.99771457786093842302
9593,0.99981736376951746426
9594,0.43631336796630060260
9595,0.99863185244790675377
9596,0.98981100636801622183
9597,0.92528707659406661534
9598,0.75586779792085045937
9599,0.99876286442950701350
9600,0.99998572318053469132
9601,0.99978416839481376588
9602,0.98364605478229116819
9603,0.99929301748219379053
9604,0.04357568794469500462
9605,0.99978416839481376588
9606,0.99978416839481376588
9607,0.05312676493872601352
9608,0.00082933950582908533
9609,0.99974028866517083980
9610,0.93137062798415060083
9611,0.99876997088313879125
9612,0.01219208332837589184
9613,0.03310188555822000250
9614,0.99868590011119151573
9615,0.00180665200757079833
9616,0.99955684065463512589
9617,0.01270201523628396861
9618,0.21377835215042642614
9619,0.02243807710326276711
9620,0.08351227121918985974
9621,0.99995769684472413097
9622,0.05726907087251884021
9623,0.00399211849801953556
9624,0.02668585804271992115
9625,0.03826306395423319934
9626,0.02926509082737806938
9627,0.00456964261532211407
9628,0.23510673752725935737
9629,0.99990202233314862124
9630,0.10401061137817563251
9631,0.99990202233314862124
9632,0.99988210011940370503
9633,0.02508539539801415627
9634,0.01849994112795673787
9635,0.00020830367991308163
9636,0.99972297937254195332
9637,0.00015687090170184425
9638,0.00399211849801953556
9639,0.99789988264217321934
9640,0.00020830367991308163
9641,0.07762808295031632666
9642,0.99986484881019088711
9643,0.00173227995064212598
9644,0.99986484881019088711
9645,0.99974028866517083980
9646,0.99955684065463512589
9647,0.00188241886184621664
9648,0.82997128129328145985
9649,0.00139043957030098508
9650,0.50247182542047952314
9651,0.00272948460155740752
9652,0.04357568794469500462
9653,0.01179047223142757825
9654,0.00508733500323330003
9655,0.00091488561163846377
9656,0.00038925903104625664
9657,0.99825416659318655377
9658,0.00066240238102102200
9659,0.00700086502502821149
9660,0.00342339799172424212
9661,0.99974028866517083980
9662,0.99825416659318655377
9663,0.89059367581886528242
9664,0.00135818392253870407
9665,0.00445425066099174385
9666,0.00162433171894513077
9667,0.99955684065463512589
9668,0.00004198096216284714
9669,0.00123613725961866446
9670,0.99995769684472413097
9671,0.99868590011119151573
9672,0.00153713629422975073
9673,0.99995769684472413097
9674,0.00068910918602777828
9675,0.00214875547435535190
9676,0.05312676493872602046
9677,0.00113500991512870673
9678,0.08351227121918987362
9679,0.03155071633127117664
9680,0.00078306385702977589
9681,0.99974028866517083980
9682,0.00162433171894513077
9683,0.00499943934328569723
9684,0.00250598392896690799
9685,0.99825416659318655377
9686,0.00274578132918740832
9687,0.06364980006744912211
9688,0.10906515743309397326
9689,0.00153713629422975073
9690,0.00020830367991308163
9691,0.99978416839481376588
9692,0.07762808295031634054
9693,0.00168509356423098716
9694,0.00427016487832527873
9695,0.98903761041528615028
9696,0.06308185099255497752
9697,0.01827610542555006823
9698,0.00091110386481366601
9699,0.01328689999502216668
9700,0.93764354145043427025
9701,0.89059367581886528242
9702,0.02195039816155461634
9703,0.99995769684472413097
9704,0.00394619555644586898
9705,0.99988210011940370503
9706,0.00394619555644586898
9707,0.99990202233314862124
9708,0.00027251314519323325
9709,0.04162980505165790601
9710,0.00158170823393698179
9711,0.00114115828797714319
9712,0.96781840559647602795
9713,0.00004966002509953233
9714,0.99815609035598373833
9715,0.00062611915840476387
9716,0.99955684065463512589
9717,0.00399211849801953556
9718,0.99978416839481376588
9719,0.00060258379258010470
9720,0.00456964261532211407
9721,0.99978416839481376588
9722,0.00113500991512870673
9723,0.01484983631799798899
9724,0.01117685687296272011
9725,0.00113500991512870673
9726,0.03059492181152060480
9727,0.01109699076360542644
9728,0.99929301748219379053
9729,0.01270201523628397035
9730,0.01803137957966756411
9731,0.13196964155420576326
9732,0.02588920968539948006
9733,0.01789823183705396489
9734,0.99988210011940370503
9735,0.99988210011940370503
9736,0.99978416839481376588
9737,0.01940432568380541511
9738,0.00710780509027385786
9739,0.99941242184657419489
9740,0.99978416839481376588
9741,0.00399211849801953556
9742,0.00018169193460900766
9743,0.00428829644824188505
9744,0.99995769684472413097
9745,0.99929301748219379053
9746,0.99929301748219379053
9747,0.95808262535690136286
9748,0.00696460152178819507
9749,0.00130780344336856058
9750,0.05351960432544564800
9751,0.99978416839481376588
9752,0.00994913857176391719
9753,0.00015687090170184425
9754,0.99990202233314862124
9755,0.96692015829852206998
9756,0.00153713629422975073
9757,0.96885771846749080272
9758,0.99978416839481376588
9759,0.00650498823280307604
9760,0.99990202233314862124
9761,0.99988210011940370503
9762,0.99990202233314862124
9763,0.00106196201029185814
9764,0.00508733500323330003
9765,0.07762808295031631278
9766,0.99990202233314862124
9767,0.00136845911423090949
9768,0.01278239762748181393
9769,0.99990202233314862124
9770,0.00456964261532211407
9771,0.99268525721500233683
9772,0.99990202233314862124
9773,0.00143658911711781290
9774,0.00025166556771405164
9775,0.00066240238102102200
9776,0.13448002311700257838
9777,0.99941242184657419489
9778,0.99815609035598373833
9779,0.00902992577098724047
9780,0.81282965223330549964
9781,0.99995769684472413097
9782,0.02584189226791765853
9783,0.00417111555571600401
9784,0.00903482426283304385
9785,0.01787183790681546453
9786,0.99988210011940370503
9787,0.01758205796404316984
9788,0.17533812000129497810
9789,0.02357680158410840540
9790,0.00153713629422975073
9791,0.99978416839481376588
9792,0.99963170356675623562
9793,0.00060535289241716618
9794,0.99995769684472413097
9795,0.00045137743702300712
9796,0.02947864267453625953
9797,0.02947864267453626647
9798,0.99978416839481376588
9799,0.99986484881019088711
9800,0.01373877428037060568
9801,0.99995769684472413097
9802,0.99782536735129834238
9803,0.04050774933491294028
9804,0.96510104776370975177
9805,0.01422246624561745651
9806,0.16804444384424593872
9807,0.00404189470176795438
9808,0.99955684065463512589
9809,0.04050774933491294028
9810,0.00399211849801953556
9811,0.01655363835941886866
9812,0.99955684065463512589
9813,0.00399211849801953556
9814,0.00903482426283304385
9815,0.00446854877211268382
9816,0.00082443120979124799
9817,0.99929301748219379053
9818,0.00015141453064067306
9819,0.00576614029350113431
9820,0.00643230897925875945
9821,0.08351227121918985974
9822,0.00399211849801953556
9823,0.02125737266582328547
9824,0.07064641158401986643
9825,0.00045471945322242690
9826,0.01002319433433835304
9827,0.05505760081265914652
9828,0.00478620315710353433
9829,0.00020830367991308163
9830,0.00015687090170184425
9831,0.00733557046891945754
9832,0.99974028866517083980
9833,0.00015687090170184425
9834,0.99995769684472413097
9835,0.01507144280071512354
9836,0.00943778173918024404
9837,0.00238054868077854087
9838,0.00672416262973491146
9839,0.99988210011940370503
9840,0.00065494806488368938
9841,0.00966747438722449087
9842,0.00204851129617781387
9843,0.75507987726281788898
9844,0.03167440607268943303
9845,0.00142969058768409730
9846,0.99955684065463512589
9847,0.00025166556771405164
9848,0.25185846286110280534
9849,0.00015687090170184425
9850,0.99995769684472413097
9851,0.99988210011940370503
9852,0.00399211849801953556
9853,0.00020830367991308163
9854,0.00508733500323330003
9855,0.99988210011940370503
9856,0.07064641158401988030
9857,0.99978416839481376588
9858,0.00015687090170184425
9859,0.75184929792374166624
9860,0.00170154923506661972
9861,0.01655363835941886866
9862,0.99995769684472413097
9863,0.00726521031426546806
9864,0.96137288222847117058
9865,0.25185846286110274983
9866,0.00753628015088133804
9867,0.00162433171894513077
9868,0.00091110386481366601
9869,0.00700086502502821149
9870,0.99990202233314862124
9871,0.99988210011940370503
9872,0.00009055281306564276
9873,0.00368576569548150195
9874,0.00242079928840949156
9875,0.99990202233314862124
9876,0.00203202461334875536
9877,0.99990202233314862124
9878,0.00153713629422975073
9879,0.00429742009746603322
9880,0.00168509356423098716
9881,0.99669568237831485114
9882,0.00013697749394083895
9883,0.16804444384424593872
9884,0.00097483275824395668
9885,0.99990202233314862124
9886,0.04050774933491294028
9887,0.99631896820199983278
9888,0.00015687090170184425
9889,0.99995769684472413097
9890,0.00057026016800987625
9891,0.20158667464838281314
9892,0.00076761752965727426
9893,0.01835916362654815490
9894,0.99676642294566342173
9895,0.99825416659318655377
9896,0.99941242184657419489
9897,0.00401610729150243383
9898,0.00142969058768409730
9899,0.99825416659318655377
9900,0.79887393771062131798
9901,0.99929301748219379053
9902,0.00862434584620725038
9903,0.99974028866517083980
9904,0.00222284887026476643
9905,0.05937332149423480560
9906,0.00394619555644586898
9907,0.00535938177918557704
9908,0.66886023008099815268
9909,0.00038389531857669246
9910,0.99995769684472413097
9911,0.05937332149423479866
9912,0.00499852963817294400
9913,0.99941697718936428618
9914,0.00098337551378412731
9915,0.99978416839481376588
9916,0.02179251548677757153
9917,0.99974028866517083980
9918,0.00058260799445453908
9919,0.00135818392253870407
9920,0.00020830367991308163
9921,0.99995769684472413097
9922,0.99978416839481376588
9923,0.00431985645076324136
9924,0.99941697718936428618
9925,0.00499852963817294400
9926,0.99955684065463512589
9927,0.99974028866517083980
9928,0.00013261573188446223
9929,0.00076917652782042712
9930,0.99069026973838614225
9931,0.99978416839481376588
9932,0.00020830367991308163
9933,0.00593019602147283869
9934,0.00650498823280307604
9935,0.00204851129617781430
9936,0.90736987471896002333
9937,0.00162433171894513077
9938,0.13196964155420576326
9939,0.00135818392253870407
9940,0.00071812938249890611
9941,0.00382483620491748735
9942,0.00469989400234179476
9943,0.99995769684472413097
9944,0.99988210011940370503
9945,0.94749056750017257578
9946,0.00153713629422975073
9947,0.99955684065463512589
9948,0.99955684065463512589
9949,0.00821576777118162606
9950,0.99990202233314862124
9951,0.96094623184606164923
9952,0.00204851129617781430
9953,0.03946101586363814917
9954,0.99899338742024401672
9955,0.02006100177367396709
9956,0.00055531391462122434
9957,0.03455654082427708079
9958,0.99825416659318655377
9959,0.99990202233314862124
9960,0.00015687090170184425
9961,0.00058591990056686334
9962,0.00028913070454251603
9963,0.99990202233314862124
9964,0.03882886937641800984
9965,0.12608544817906222613
9966,0.01235246097374803100
9967,0.00062611915840476387
9968,0.99974028866517083980
9969,0.04050774933491294028
9970,0.00753628015088133978
9971,0.99988210011940370503
9972,0.99974028866517083980
9973,0.00137477808459192841
9974,0.00011482191415921147
9975,0.99990202233314862124
9976,0.00737126408677124968
9977,0.01134633350463959932
9978,0.99988210011940370503
9979,0.99978416839481376588
9980,0.00710780509027385526
9981,0.00154206046773244592
9982,0.00801325750748524933
9983,0.00399211849801953556
9984,0.00286905657877815825
9985,0.02947864267453625953
9986,0.05937332149423481253
9987,0.90993320526132315251
9988,0.99995769684472413097
9989,0.00071727933004316535
9990,0.99995769684472413097
9991,0.00184366388239302057
9992,0.79887393771062131798
9993,0.00372656603377297113
9994,0.00082443120979124799
9995,0.85201629594139260959
9996,0.99978416839481376588
9997,0.00499852963817294400
9998,0.00020830367991308163
9999,0.03455654082427708079
10000,0.99990202233314862124
10001,0.10160153471413288506
10002,0.00058260799445453908
10003,0.99955684065463512589
10004,0.99268525721500233683
10005,0.99988210011940370503
10006,0.00954471539881970865
10007,0.99955684065463512589
10008,0.00399211849801953556
10009,0.01002319433433835130
10010,0.00043363336845310705
10011,0.99988210011940370503
10012,0.05047174576158901249
10013,0.00324339508837114985
10014,0.02348146749017801863
10015,0.00353112355647474145
10016,0.00183288241668895166
10017,0.08351227121918985974
10018,0.99087326145498366703
10019,0.00399211849801953556
10020,0.00151129279019298225
10021,0.00133411250671712370
10022,0.00153713629422975073
10023,0.99988210011940370503
10024,0.69684327857133676609
10025,0.99676642294566342173
10026,0.99990202233314862124
10027,0.00062611915840476387
10028,0.00307229086230136755
10029,0.00015687090170184425
10030,0.00130780344336856058
10031,0.00747910220025197348
10032,0.13196964155420576326
10033,0.00045137743702300712
10034,0.00038389531857669246
10035,0.99929301748219379053
10036,0.00502431094631303372
10037,0.01746863144626083220
10038,0.20158667464838278538
10039,0.01789823183705396142
10040,0.00502431094631303719
10041,0.99990202233314862124
10042,0.00045471945322242690
10043,0.96255872581387225129
10044,0.00113500991512870673
10045,0.00966747438722449087
10046,0.99995769684472413097
10047,0.99891754907122032314
10048,0.00062611915840476387
10049,0.00508733500323330003
10050,0.04038140708456366273
10051,0.99990202233314862124
10052,0.00966747438722449087
10053,0.00153713629422975073
10054,0.99990202233314862124
10055,0.99897762375214593789
10056,0.99978416839481376588
10057,0.03455654082427708079
10058,0.99974028866517083980
10059,0.00499852963817294400
10060,0.01671014821142843138
10061,0.99181618301614038469
10062,0.99990202233314862124
10063,0.00025166556771405164
10064,0.00753628015088133978
10065,0.01484983631799798899
10066,0.00547652531740945060
10067,0.99978416839481376588
10068,0.08351227121918987362
10069,0.00066240238102102200
10070,0.00163948073590372404
10071,0.99995769684472413097
10072,0.00020830367991308163
10073,0.99825416659318655377
10074,0.99978416839481376588
10075,0.99825416659318655377
10076,0.01789823183705396489
10077,0.00154206046773244592
10078,0.99990202233314862124
10079,0.99990202233314862124
10080,0.00710780509027385786
10081,0.99978416839481376588
10082,0.01179047223142757825
10083,0.06960309090185087810
10084,0.00013350100427887384
10085,0.01285016423177124875
10086,0.00612045823287777312
10087,0.00677764482107594615
10088,0.99990202233314862124
10089,0.22393584498041213537
10090,0.99955684065463512589
10091,0.99990202233314862124
10092,0.99955684065463512589
10093,0.99990202233314862124
10094,0.00153713629422975073
10095,0.00242079928840949156
10096,0.03256815525471774136
10097,0.99699174484260455475
10098,0.00176868449998831092
10099,0.99978416839481376588
10100,0.00153713629422975073
10101,0.00013350100427887384
10102,0.00020830367991308163
10103,0.99868590011119151573
10104,0.98687391115826483823
10105,0.96161846055645106013
10106,0.00158667817436815078
10107,0.00020830367991308163
10108,0.00710780509027385526
10109,0.00718765127645819551
10110,0.99990202233314862124
10111,0.98903761041528615028
10112,0.99825416659318655377
10113,0.00850401620532586534
10114,0.00180665200757079833
10115,0.00499852963817294400
10116,0.02179251548677757153
10117,0.00151129279019298225
10118,0.00135818392253870407
10119,0.01484983631799798899
10120,0.99929301748219379053
10121,0.00535938177918557704
10122,0.00228100227868257253
10123,0.00153713629422975073
10124,0.99789988264217321934
10125,0.02098135987961868842
10126,0.99990202233314862124
10127,0.01655363835941886866
10128,0.00020522950307760848
10129,0.00431985645076324136
10130,0.18782438578548316110
10131,0.00742546059829521377
10132,0.99978416839481376588
10133,0.99990202233314862124
10134,0.01692349047347209423
10135,0.13196964155420576326
10136,0.99995769684472413097
10137,0.00169591867762448607
10138,0.03882886937641800984
10139,0.99699174484260455475
10140,0.00163285400026313391
10141,0.03739129215420467639
10142,0.00142969058768409730
10143,0.01758205796404316984
10144,0.02179251548677757500
10145,0.00015687090170184425
10146,0.00297907617265070947
10147,0.00153713629422975073
10148,0.99974028866517083980
10149,0.02947864267453625606
10150,0.99541571092358427375
10151,0.99955684065463512589
10152,0.00502431094631303546
10153,0.00073728664181266939
10154,0.00198457796472475533
10155,0.99448859612944928710
10156,0.96045909487446989861
10157,0.99990202233314862124
10158,0.03310188555822000250
10159,0.00142969058768409730
10160,0.00170306829929799315
10161,0.99978416839481376588
10162,0.00046948094472638402
10163,0.00405580772557213864
10164,0.50247182542047963416
10165,0.00235655096547223060
10166,0.99978416839481376588
10167,0.00066240238102102200
10168,0.00026767393696542442
10169,0.00113500991512870673
10170,0.01285016423177124875
10171,0.99986484881019088711
10172,0.00281783512313786956
10173,0.00066240238102102200
10174,0.00135818392253870407
10175,0.87860951134946763119
10176,0.99955684065463512589
10177,0.00223209648912691717
10178,0.00903482426283304385
10179,0.01577780701427601920
10180,0.00710780509027385786
10181,0.00281783512313786956
10182,0.00915267805743191429
10183,0.00399211849801953556
10184,0.20461195072213728130
10185,0.00071812938249890611
10186,0.99955684065463512589
10187,0.11209140402080236543
10188,0.01117685687296272011
10189,0.00710780509027385526
10190,0.94749056750017235373
10191,0.00296026857323907974
10192,0.03013841659133004516
10193,0.00028913070454251603
10194,0.00076761752965727426
10195,0.00086689082411807070
10196,0.99978416839481376588
10197,0.00147433835655675608
10198,0.00058260799445453908
10199,0.00258289196721942470
10200,0.00411302525979869577
10201,0.05937332149423479866
10202,0.00592419373440800350
10203,0.99988210011940370503
10204,0.00009464300285626974
10205,0.00394619555644586898
10206,0.99995769684472413097
10207,0.99978416839481376588
10208,0.04806946596676806016
10209,0.00431985645076324136
10210,0.99841908958284830700
10211,0.02947864267453625606
10212,0.00102817633748671306
10213,0.00321908716117653678
10214,0.03530019811749206260
10215,0.99225135125012697834
10216,0.00399211849801953556
10217,0.00411302525979869577
10218,0.00700971845690626441
10219,0.04132561734084906624
10220,0.00130780344336856058
10221,0.00903482426283304385
10222,0.99995769684472413097
10223,0.00431985645076324136
10224,0.00058260799445453908
10225,0.08351227121918985974
10226,0.99929301748219379053
10227,0.00153713629422975073
10228,0.01427271525291028825
10229,0.04050774933491294028
10230,0.00886387265313314833
10231,0.06442316731872056723
10232,0.00162433171894513077
10233,0.00396129443180835705
10234,0.00473016123187433579
10235,0.00135818392253870407
10236,0.00020522950307760848
10237,0.99978416839481376588
10238,0.00407764161527595856
10239,0.00399211849801953556
10240,0.01357975845703226353
10241,0.00185053375194067869
10242,0.99978416839481376588
10243,0.00710780509027385526
10244,0.00310740168440587451
10245,0.00535938177918557704
10246,0.00102530582336951169
10247,0.02179251548677757153
10248,0.00324339508837114985
10249,0.01270201523628396861
10250,0.99868590011119151573
10251,0.00893670464607686926
10252,0.00335515975283295301
10253,0.00020830367991308163
10254,0.99988210011940370503
10255,0.00015687090170184425
10256,0.99978416839481376588
10257,0.00091110386481366601
10258,0.02508539539801415280
10259,0.99988210011940370503
10260,0.99978416839481376588
10261,0.98488076197991225591
10262,0.00483817478315269438
10263,0.99974028866517083980
10264,0.11968187285592103708
10265,0.00102115902651496492
10266,0.04389131744160695847
10267,0.99849745657018262879
10268,0.99988210011940370503
10269,0.00082933950582908533
10270,0.99990202233314862124
10271,0.99990202233314862124
10272,0.00312664196982129303
10273,0.00020522950307760848
10274,0.99988210011940370503
10275,0.99225135125012697834
10276,0.08351227121918985974
10277,0.99990202233314862124
10278,0.99941697718936428618
10279,0.00242079928840949156
10280,0.92399698463530655079
10281,0.78302563962258653341
10282,0.01117685687296272011
10283,0.99978416839481376588
10284,0.04162980505165789907
10285,0.00399211849801953556
10286,0.99929301748219379053
10287,0.99988210011940370503
10288,0.00445425066099174385
10289,0.00006594422256888675
10290,0.99990202233314862124
10291,0.00399211849801953556
10292,0.00401610729150243383
10293,0.02227312739684620888
10294,0.99782536735129834238
10295,0.00281783512313786956
10296,0.96094623184606164923
10297,0.00255015424609655568
10298,0.99778812412703121737
10299,0.08351227121918987362
10300,0.03455654082427708079
10301,0.99087326145498366703
10302,0.00153713629422975073
10303,0.99978416839481376588
10304,0.00710780509027385526
10305,0.00881162436959680509
10306,0.00862434584620724864
10307,0.00015687090170184425
10308,0.01740971437224833607
10309,0.06680454757309706171
10310,0.99990202233314862124
10311,0.00411302525979869577
10312,0.00073728664181266939
10313,0.00535938177918557704
10314,0.00011482191415921147
10315,0.08351227121918985974
10316,0.00065793477939634368
10317,0.00135818392253870407
10318,0.00142969058768409730
10319,0.99929301748219379053
10320,0.99996484549871822445
10321,0.99990202233314862124
10322,0.15861185322192736247
10323,0.00013697749394083895
10324,0.11209140402080235155
10325,0.03563231880241286842
10326,0.00189477973087741228
10327,0.99638220466024662869
10328,0.99541571092358427375
10329,0.00238054868077854087
10330,0.99941697718936428618
10331,0.00082443120979124778
10332,0.94102728869937024569
10333,0.92922445185843094428
10334,0.33553413815507332485
10335,0.00066240238102102200
10336,0.99974028866517083980
10337,0.00499943934328569723
10338,0.96137288222847117058
10339,0.99988210011940370503
10340,0.00130780344336856058
10341,0.99929301748219379053
10342,0.00548848852143354708
10343,0.10160153471413287118
10344,0.00324339508837114985
10345,0.99988210011940370503
10346,0.00027399178008512737
10347,0.00136845911423090949
10348,0.00825494059375997923
10349,0.99955684065463512589
10350,0.96510104776370975177
10351,0.99995769684472413097
10352,0.99978416839481376588
10353,0.00396129443180835705
10354,0.00151129279019298246
10355,0.14407212317219342257
10356,0.00404189470176795438
10357,0.00966747438722449087
10358,0.00255242896851574528
10359,0.00886899658806874873
10360,0.04806946596676806016
10361,0.99955684065463512589
10362,0.99988768574838315928
10363,0.99988210011940370503
10364,0.99789988264217321934
10365,0.00499852963817294400
10366,0.00020830367991308163
10367,0.00076761752965727426
10368,0.00066240238102102200
10369,0.00321908716117653678
10370,0.01041064927080516574
10371,0.99978416839481376588
10372,0.99941242184657419489
10373,0.03455654082427708079
10374,0.15861185322192736247
10375,0.99699174484260455475
10376,0.98488076197991225591
10377,0.00102115902651496514
10378,0.00020830367991308163
10379,0.02462662739715596599
10380,0.00301945312335885792
10381,0.96045909487446989861
10382,0.00747910220025197348
10383,0.99978416839481376588
10384,0.99995769684472413097
10385,0.00277701786507493715
10386,0.00517889725217362661
10387,0.99986484881019088711
10388,0.00189123152025128384
10389,0.00386934090605679315
10390,0.00903482426283304385
10391,0.00015017619801901668
10392,0.00646663074946404390
10393,0.07762808295031632666
10394,0.02947864267453625606
10395,0.98903761041528626130
10396,0.00046948094472638402
10397,0.00752224714827532011
10398,0.99990202233314862124
10399,0.99995769684472413097
10400,0.01677358396099369597
10401,0.63428957738055602444
10402,0.99991583733200284367
10403,0.99994939416592143466
10404,0.99986277216389074507
10405,0.99971768395597704338
10406,0.99950874067289263714
10407,0.99898206715454740401
10408,0.99858267317889670700
10409,0.91264033601942429197
10410,0.99858405917124981599
10411,0.98873389128240807278
10412,0.99991097380003846062
10413,0.99928042687379092790
10414,0.99999938292701029408
10415,0.99744864406326638750
10416,0.99287153551310469712
10417,0.26901787864698512021
10418,0.99999938292701029408
10419,0.99977838155286546939
10420,0.99547323896253248066
10421,0.99584466101732693755
10422,0.86946010130735018606
10423,0.92366130785739986031
10424,0.99982703523863902806
10425,0.33861745507336965533
10426,0.99999961990521868405
10427,0.99999953811968844697
10428,0.99620270091060669770
10429,0.99738098879699599308
10430,0.99666816045548412006
10431,0.99997422536519098291
10432,0.99936860620401446464
10433,0.99983054608861010593
10434,0.99998019574469920734
10435,0.99940015695695505471
10436,0.99997985721723958719
10437,0.99992142998189703640
10438,0.99889765711729783249
10439,0.49743557657252351900
10440,0.99999037440191163029
10441,0.99999878494392679951
10442,0.99962575601740089049
10443,0.92164520979823172375
10444,0.99995904426486703631
10445,0.99997515767810563059
10446,0.98832150100543547655
10447,0.99765544263715077999
10448,0.87581167728661879490
10449,0.99431294537346526230
10450,0.93230781230762660439
10451,0.99993870780215898808
10452,0.99984934744012687879
10453,0.99990188708525895578
10454,0.99963840127173242411
10455,0.99965980063391890464
10456,0.99994649566028515064
10457,0.70156044691721974882
10458,0.99990977557235671824
10459,0.99814986105239977832
10460,0.99929080373946677085
10461,0.99958284845721445677
10462,0.99981090349922241423
10463,0.99840572173403074885
10464,0.99496130362487189558
10465,0.99911638660587454019
10466,0.99906798803921481600
10467,0.99916050040200332649
10468,0.27512603158708148765
10469,0.99999537851020536827
10470,0.99977541999135366435
10471,0.87329149371009040514
10472,0.01380394582028826068
10473,0.99997381212262248518
10474,0.77906135439365564732
10475,0.99307462436699178721
10476,0.63531761095478767043
10477,0.99993066866839208640
10478,0.99926498918062178767
10479,0.99998781721053964233
10480,0.94951050003546111355
10481,0.99959582859949003275
10482,0.99998640498104485186
10483,0.99991701205078220571
10484,0.99996149871944040033
10485,0.98635481792626356068
10486,0.99995319697020212946
10487,0.99998136988815833348
10488,0.99991292389361086101
10489,0.98710803361826304769
10490,0.99327533219884123206
10491,0.99926137320765562322
10492,0.99999953811968844697
10493,0.99996039872641584445
10494,0.90901431343605398894
10495,0.99987819527166277300
10496,0.99998514040507613387
10497,0.99791477558438590467
10498,0.98510024318953781641
10499,0.99621094530991938232
10500,0.50186043977527294846
10501,0.99987024443895122783
10502,0.99998447340417218054
10503,0.99956900172660245740
10504,0.99998470613371104321
10505,0.99869079507389357797
10506,0.98144442238540607892
10507,0.99999953811968844697
10508,0.99994903716718019915
10509,0.99946770892900549388
10510,0.99939092431339870970
10511,0.99978768961265729320
10512,0.99995996452748237004
10513,0.99999561355389321449
10514,0.99996777776902456836
10515,0.92159206647101665766
10516,0.99981375144544226696
10517,0.99990614430699398252
10518,0.99984477084204215203
10519,0.99999485145226107985
10520,0.99997252469329023228
10521,0.98860550619627296509
10522,0.99945105176617066167
10523,0.99989561425337947220
10524,0.91780453190626376525
10525,0.99996009825816245531
10526,0.99892431392962832692
10527,0.99996641513210882124
10528,0.99988657448644779890
10529,0.99990046966705459219
10530,0.99997774242483228324
10531,0.99998044236687133601
10532,0.78055446822076124391
10533,0.99954789834657309378
10534,0.99981561883445146943
10535,0.98083845143663761501
10536,0.99999259623404290753
10537,0.75388667550388621663
10538,0.99999589211357364782
10539,0.99840572173403074885
10540,0.99830410323308937937
10541,0.96629945849902421084
10542,0.99999941791779534128
10543,0.99994851464236433891
10544,0.99873378326032236085
10545,0.99963235948043116519
10546,0.99259223320451128725
10547,0.99692690832021901848
10548,0.99790756441505712449
10549,0.99994626891754068154
10550,0.99981341761117337175
10551,0.99943799754935047641
10552,0.99412645339867866667
10553,0.99932815783679218580
10554,0.99916903140302781861
10555,0.99871258706453935883
10556,0.99773032929298466343
10557,0.99966887049572472623
10558,0.99980365380489755189
10559,0.99968733688348143662
10560,0.99477689377370837054
10561,0.54031044052190280169
10562,0.99278080470913498967
10563,0.01422692881481875220
10564,0.99950338796503557237
10565,0.99981219229051765396
10566,0.99992119712563343192
10567,0.99977317470067150751
10568,0.22711006429519764449
10569,0.99998835424989696019
10570,0.99996783406131395378
10571,0.98983840135147149741
10572,0.99998911933042100575
10573,0.99804798367605929155
10574,0.99928110884049348162
10575,0.99864706736310859814
10576,0.99108663352256543000
10577,0.00406266942134510603
10578,0.99995267201435045212
10579,0.70156044691721963780
10580,0.99996009825816245531
10581,0.99380741239794312403
10582,0.99997701612353384615
10583,0.99999413826736360811
10584,0.99999938292701029408
10585,0.99984105892609198563
10586,0.99997304934114528141
10587,0.96293840555160958861
10588,0.99991708408295942867
10589,0.99980129597872924307
10590,0.99995215145423343994
10591,0.99982060821638352177
10592,0.99981974263786466128
10593,0.94001828935801967635
10594,0.99998202086736542871
10595,0.84688890626826185404
10596,0.99993506443826185581
10597,0.99994985292141669309
10598,0.99770584860391653415
10599,0.99963955024945050365
10600,0.99540985035700491057
10601,0.99998287890228987340
10602,0.37015435029561177815
10603,0.98318249583049599494
10604,0.94071490280365632763
10605,0.89758798689102814450
10606,0.70156044691721963780
10607,0.99998979501768747724
10608,0.99995690439542839201
10609,0.97197380952962098011
10610,0.99950338796503557237
10611,0.99992799834160528416
10612,0.99913837481217315784
10613,0.99720916629842526469
10614,0.99719073587781215107
10615,0.99985618503860207440
10616,0.99990539517662513358
10617,0.99996341460710913562
10618,0.99977838155286546939
10619,0.97979164058240986179
10620,0.99014730642478576694
10621,0.95486725226874591410
10622,0.99978287093250339801
10623,0.99743236508292498765
10624,0.96356491874886163185
10625,0.99999743277232822081
10626,0.01068212471847208335
10627,0.01889413877994913782
10628,0.99991492845251483956
10629,0.60499046168913461763
10630,0.99999014206217928802
10631,0.99762128442294417674
10632,0.99987261463390708638
10633,0.99992148157919291673
10634,0.99993638005595153473
10635,0.99981614594411527541
10636,0.99988917849638792035
10637,0.99928164200892422020
10638,0.99821394679218211632
10639,0.93486200226742777186
10640,0.29400022666448821784
10641,0.96594931261473038209
10642,0.99994479651636891671
10643,0.99615127925757407379
10644,0.99999939666291803864
10645,0.98910970850037860380
10646,0.99998843102381029802
10647,0.99724531104937097492
10648,0.98129141037760947430
10649,0.99997762322938033019
10650,0.99982461059102833989
10651,0.61662561345604283147
10652,0.99840686159781799613
10653,0.99930054071474494481
10654,0.99965427084937830138
10655,0.99995072424387632104
10656,0.99584679238186435413
10657,0.99983440783163601839
10658,0.99999953811968844697
10659,0.50299740178921792388
10660,0.99829450434196342901
10661,0.99984489818689892271
10662,0.34446361750301957017
10663,0.99932815783679218580
10664,0.37015435029561177815
10665,0.99914188977198126196
10666,0.99964325321440461458
10667,0.99997786185225545630
10668,0.86603428229295975616
10669,0.99999803857625269021
10670,0.99997774242483228324
10671,0.99808951586479355278
10672,0.99994310928913898717
10673,0.99986772744637331112
10674,0.99429281093698085314
10675,0.78077969276130898546
10676,0.99278080470913476763
10677,0.99996549633252063138
10678,0.99990439051573165585
10679,0.99920624413180181289
10680,0.95919636904362393093
10681,0.99981290266635458597
10682,0.67287302891290201590
10683,0.99826333051969107224
10684,0.99999938292701029408
10685,0.99994541070501385960
10686,0.99999053721802433348
10687,0.99687794221965242425
10688,0.99996727342632252267
10689,0.99575350882415070153
10690,0.99879295325003070172
10691,0.00402187844451115314
10692,0.97155819658204667366
10693,0.99985887474015444631
10694,0.99998319293651827255
10695,0.99486467943286649440
10696,0.99994894946401746694
10697,0.99990271726548873854
10698,0.99996071869828062617
10699,0.99961307390021070240
10700,0.99999938292701029408
10701,0.99996196635920464590
10702,0.99977631673765243736
10703,0.00150876154659106165
10704,0.99992444015545034475
10705,0.98764301935787313091
10706,0.99956164180264872599
10707,0.99932815783679218580
10708,0.90387433674255057703
10709,0.99997634939394131059
10710,0.99290127442685993664
10711,0.99995369131366540483
10712,0.99368262731920731223
10713,0.99981614594411527541
10714,0.99743558977500235141
10715,0.95872719735211042735
10716,0.99983736746259366246
10717,0.99837434494714027977
10718,0.99888098517549384070
10719,0.99012853777346787609
10720,0.91363250681939289777
10721,0.99665906568511186681
10722,0.99994939416592143466
10723,0.99999520976658018423
10724,0.99875951465280865538
10725,0.99998779197207277036
10726,0.99978808979520117362
10727,0.99968650986106299960
10728,0.99942702131443039715
10729,0.41484881589707589544
10730,0.99988084288501999364
10731,0.99950874067289263714
10732,0.99891529674494228264
10733,0.72447815813461380330
10734,0.99975558048748891515
10735,0.99984169108513931690
10736,0.99941115867476160162
10737,0.99980442257098434133
10738,0.99950874067289263714
10739,0.99986147695831784077
10740,0.99938135594058918887
10741,0.99973632478113405586
10742,0.01422692881481875220
10743,0.99956096317733855727
10744,0.37015435029561177815
10745,0.98727333095062930202
10746,0.99997941388975675192
10747,0.65543155124377350251
10748,0.99997545109167884636
10749,0.99926498918062178767
10750,0.96476028231186505835
10751,0.99998166834181567708
10752,0.99983624999303644110
10753,0.01422692881481875220
10754,0.99999961990521868405
10755,0.99987626885077174332
10756,0.99990094019712338902
10757,0.37015435029561177815
10758,0.99728876444666458845
10759,0.98867138578679503169
10760,0.92742501935368515387
10761,0.99971970690962774775
10762,0.99995731408965982112
10763,0.99994575188174106284
10764,0.94173000380016558264
10765,0.99597769434856242565
10766,0.89902659819978070210
10767,0.99996102104417350365
10768,0.19782688899084296952
10769,0.60442967370005729055
10770,0.99963817059662640752
10771,0.94782372192276564959
10772,0.99998653323421349270
10773,0.99997941388975675192
10774,0.99840572173403074885
10775,0.99999760397503967280
10776,0.99938050215559193212
10777,0.99107728554896379336
10778,0.99986097898753023561
10779,0.99982337992888992151
10780,0.99412645339867866667
10781,0.65254888768011265476
10782,0.99987045671115948320
10783,0.99922548458026771989
10784,0.00248890950033719364
10785,0.99525629152301420266
10786,0.99820262715405971843
10787,0.99999068632318410810
10788,0.99837279034007964107
10789,0.99931514688864464535
10790,0.99999971049337088580
10791,0.99985666960253916091
10792,0.99994711777086986437
10793,0.94632520095545569205
10794,0.99758799537625697518
10795,0.99906233855298198776
10796,0.99999263814834060682
10797,0.99974151781525155691
10798,0.99913967312364093676
10799,0.99970982764896199058
10800,0.99972195119576801048
10801,0.80779868490153616811
10802,0.99957436149918688084
10803,0.13976726172614692412
10804,0.99931206340488054618
10805,0.00103442874987156068
10806,0.99894134633406606039
10807,0.74661831932916700172
10808,0.99991094060056540105
10809,0.99987713990109594597
10810,0.99995231905358994418
10811,0.97477112935006060557
10812,0.99666162361176346973
10813,0.42694232585377955846
10814,0.99931983266033552749
10815,0.98601845789161357558
10816,0.99997029875076015593
10817,0.99934762941235077971
10818,0.90249730258700722185
10819,0.99993534236422110251
10820,0.99659195242097864398
10821,0.99976277059802054481
10822,0.99986574493902291572
10823,0.92234105347228856342
10824,0.99995832096841674730
10825,0.99976903677854134234
10826,0.99967814039037095064
10827,0.93603477763020137559
10828,0.99945211229607744396
10829,0.99958464738669949856
10830,0.92370601982719358070
10831,0.04397962771303809415
10832,0.99121547824696143447
10833,0.99625946403297627185
10834,0.99997325426551930683
10835,0.99880482277015203429
10836,0.99932200078214328265
10837,0.99999854828938850027
10838,0.99999953811968844697
10839,0.99998411771428130645
10840,0.95233891861178343596
10841,0.99988436613004394449
10842,0.00257535283279527278
10843,0.98448904954700400260
10844,0.99981447546114132763
10845,0.99912004224087103132
10846,0.96576414970285295869
10847,0.99994829404917529025
10848,0.99966919237433626844
10849,0.99965613397749764069
10850,0.99976683402469535000
10851,0.99985650037703199811
10852,0.99936649055002602093
10853,0.99933185115931366660
10854,0.99402330070999456169
10855,0.99997071484846511424
10856,0.99915864202914861369
10857,0.98503472186004858990
10858,0.99958434300255782912
10859,0.23213025547758836531
10860,0.01422692881481875220
10861,0.37015435029561177815
10862,0.86501939443606801206
10863,0.99976903677854145336
10864,0.99885546922584345086
10865,0.99997198173812140709
10866,0.05711238943585501132
10867,0.99897353315559356268
10868,0.99395965144631859278
10869,0.99866511837922522510
10870,0.99683074927998438497
10871,0.99708297928424716172
10872,0.99147940771437825802
10873,0.99992148157919291673
10874,0.99996908262964834258
10875,0.99882927168495283521
10876,0.99999938292701029408
10877,0.99987486299093220055
10878,0.99981614594411527541
10879,0.99727617830407999655
10880,0.70156044691721963780
10881,0.99983501538313568346
10882,0.99998132551989393768
10883,0.97185225222788873545
10884,0.99978808979520106259
10885,0.99953223878595587326
10886,0.99429706160463282583
10887,0.96783506572926758516
10888,0.99999878494392679951
10889,0.99692690832021912950
10890,0.99822315552012286233
10891,0.99963235948043116519
10892,0.99937173399142664731
10893,0.99994834584663250254
10894,0.72683806415934582024
10895,0.99456260786543382313
10896,0.99964325321440461458
10897,0.98094573704952858773
10898,0.99998258336452183759
10899,0.99984489818689892271
10900,0.01978243885393077273
10901,0.99997279837864572194
10902,0.99988976675468932420
10903,0.99876177139113786474
10904,0.99667250414791341839
10905,0.75919919663196056003
10906,0.98343184421762863678
10907,0.99997314663332992346
10908,0.98076681141286925492
10909,0.99503481796989290409
10910,0.98852818048761825764
10911,0.99993789650945630321
10912,0.98646337012218598961
10913,0.99220003018598501576
10914,0.99999263814834060682
10915,0.99942958236920864667
10916,0.99976233985629303636
10917,0.99980416646210623632
10918,0.99994109491049298910
10919,0.99614768024618338682
10920,0.99960025957302400812
10921,0.99983381754008837650
10922,0.99996009825816245531
10923,0.99984548971079578727
10924,0.99999597077276958235
10925,0.99998220624696243508
10926,0.99999326443946612297
10927,0.99999908022223960025
10928,0.98712822468237271245
10929,0.99987977372992675740
10930,0.98144442238540607892
10931,0.99967856599374793625
10932,0.99991575399314602812
10933,0.89704680327824393160
10934,0.99709975944186612917
10935,0.99683074927998438497
10936,0.98383008896628043605
10937,0.99985618503860207440
10938,0.99992094742623371939
10939,0.99999852593540639045
10940,0.99982550986695273298
10941,0.99888066241739181805
10942,0.99998792401097780225
10943,0.99994834584663228050
10944,0.99827823314203856242
10945,0.99981561057337953180
10946,0.99903412942983804701
10947,0.99875940948801678054
10948,0.99988614603010994575
10949,0.82460831548860080709
10950,0.32721756676742108638
10951,0.99959618030019203871
10952,0.99962967501287258720
10953,0.99937358430317380087
10954,0.98440196055948592235
10955,0.99172794034490585613
10956,0.95042716972881957638
10957,0.99971105380460045797
10958,0.99965483190427439908
10959,0.99997800209083032019
10960,0.99864468838592568289
10961,0.50186043977527294846
10962,0.99998190264371744629
10963,0.96457626881295133181
10964,0.82278161860161924679
10965,0.99990188708525895578
10966,0.99997651823370348190
10967,0.99961232682618184064
10968,0.99997361169960385929
10969,0.98967600210965334107
10970,0.96831423132317417934
10971,0.07786362816707344259
10972,0.99985151139498851247
10973,0.99998076570156491094
10974,0.99999733144223956760
10975,0.91065651847051654055
10976,0.99510621802064092023
10977,0.84453296778639830311
10978,0.99834865148228846277
10979,0.99975737634930006426
10980,0.99951683137574176552
10981,0.99900726893226687864
10982,0.99824525838875322048
10983,0.99994994781862245325
10984,0.99998714901580765257
10985,0.99975462897796718575
10986,0.99537046165197562431
10987,0.99986688623608421800
10988,0.99994374528917107092
10989,0.99980369684289904786
10990,0.99450575702914578713
10991,0.99971577408964451550
10992,0.99983814761578404529
10993,0.99987938754754002169
10994,0.99999953811968844697
10995,0.99941967368406314787
10996,0.99888472573373654484
10997,0.10785564544314565905
10998,0.99827723702458759369
10999,0.99901796378023777212
11000,0.99998022956992393961
11001,0.99977467651650109293
11002,0.99972509567956235887
11003,0.98727333095062930202
11004,0.99863030896200899456
11005,0.97991093210236857036
11006,0.99073728301541219565
11007,0.00150876154659106165
11008,0.99584679238186435413
11009,0.99982271316271353889
11010,0.99996071869828073719
11011,0.99428137075528355560
11012,0.96621729039474968381
11013,0.99821394679218211632
11014,0.99871550261840991158
11015,0.99673841179589861561
11016,0.99995290108057888201
11017,0.99900938805119099406
11018,0.92820832983709988806
11019,0.99940631004853253128
11020,0.99919801364863669590
11021,0.99988657448644779890
11022,0.99999414939777009348
11023,0.99988245730218716645
11024,0.97474216863214813156
11025,0.96771300131718807069
11026,0.99999448357515285934
11027,0.99999659065176871309
11028,0.96356491874886163185
11029,0.99486467943286649440
11030,0.99935477980862097436
11031,0.99483904284733448709
11032,0.99995110745990412049
11033,0.99683074927998438497
11034,0.99999941791779534128
11035,0.99487016092171620674
11036,0.99999651248369980649
11037,0.99703662306518148206
11038,0.99997000309108463600
11039,0.99774536616835418634
11040,0.98037433931807815846
11041,0.99999848763304799437
11042,0.99489325432576491970
11043,0.99328417922683787111
11044,0.99565593857436607284
11045,0.99997422536519109393
11046,0.99998427914269827355
11047,0.99998241500824769368
11048,0.99787542470011603157
11049,0.99999953988146883521
11050,0.99693659037113924182
11051,0.94828285062640804703
11052,0.99976736002039734430
11053,0.37722559736275673714
11054,0.99965517165719786075
11055,0.99641170381424670754
11056,0.99997470836955437701
11057,0.84278078116405030773
11058,0.99900726893226687864
11059,0.99953377675678789505
11060,0.84809496894581937187
11061,0.99976033137629272129
11062,0.99992389984117435731
11063,0.99551864987070259883
11064,0.15567176305183649809
11065,0.99961785914190992575
11066,0.99853021215390069809
11067,0.99208474835452753471
11068,0.99892877686911307755
11069,0.99991333172540308727
11070,0.99981671365763902237
11071,0.99974311035163065942
11072,0.99999941791779534128
11073,0.99954645227744098879
11074,0.99981671365763902237
11075,0.99558836205875000935
11076,0.99016278489548004149
11077,0.99997112376163732606
11078,0.99994609417749369396
11079,0.99525629152301431368
11080,0.99988646096028621635
11081,0.99973935259323165603
11082,0.99999481110962540331
11083,0.99876177139113786474
11084,0.52522054058864997561
11085,0.84099764817567390640
11086,0.99986643519902951294
11087,0.99900749704081492908
11088,0.99529563645924568061
11089,0.86603428229295975616
11090,0.99976508772266947656
11091,0.99995422143215451083
11092,0.98667537423886253478
11093,0.99984489818689903373
11094,0.96831423132317417934
11095,0.45296920775305204998
11096,0.93379488771867502628
11097,0.99999654728627573874
11098,0.99993106507661322357
11099,0.43677076323490332532
11100,0.99831921267957313137
11101,0.99705457665871144446
11102,0.99983490055222501436
11103,0.97781563560157236381
11104,0.99947927444842799005
11105,0.98832150100543547655
11106,0.99771324808206618417
11107,0.99970831972062668136
11108,0.99921503230682107155
11109,0.99983619324323269595
11110,0.99999911563276844273
11111,0.99997807295882901180
11112,0.15274374564802556398
11113,0.54031044052190280169
11114,0.99867503750698916054
11115,0.99999953574955324775
11116,0.99905003673039338707
11117,0.06358527402455760313
11118,0.38500680345664295423
11119,0.99582539468244923864
11120,0.99995358647201260105
11121,0.99936408748659422141
11122,0.79761233483275773004
11123,0.99986033739940949339
11124,0.99977970743493738137
11125,0.99992351732949213972
11126,0.92453189573438898652
11127,0.99957490330273190970
11128,0.99971679903149379687
11129,0.99999267587263063195
11130,0.99624263724060080349
11131,0.99849100019719227994
11132,0.25092851312870023683
11133,0.99846939525627453893
11134,0.99999938292701029408
11135,0.99100654580154534656
11136,0.99997633271992503179
11137,0.99999938292701029408
11138,0.99337138581753503530
11139,0.99970348470863223955
11140,0.99987577655302406487
11141,0.99971456379241241397
11142,0.99989059995158713345
11143,0.99996777776902456836
11144,0.99998573260081158320
11145,0.99633045088795879618
11146,0.92653130936196204104
11147,0.99995816850252927654
11148,0.99561295491365864319
11149,0.99993638005595153473
11150,0.99997966694620621375
11151,0.99683074927998438497
11152,0.99997792009583408301
11153,0.99897446113221155528
11154,0.99993959669711218741
11155,0.99999659065176871309
11156,0.99999617624899106438
11157,0.99991491115493214004
11158,0.38674852443355378639
11159,0.98900091548762047999
11160,0.99954157137840438097
11161,0.99543448212645380124
11162,0.99991653092246723933
11163,0.99994384553946147332
11164,0.99889447993541424786
11165,0.95096546278393101481
11166,0.99976683402469535000
11167,0.99936649055002602093
11168,0.99995473908276777397
11169,0.99997520136548467828
11170,0.99999941791779534128
11171,0.79812477125705094672
11172,0.43368195347372451298
11173,0.99998427222236052625
11174,0.99998954534446660158
11175,0.99982703523863902806
11176,0.99365324242908725783
11177,0.99999481110962540331
11178,0.84659958828594672475
11179,0.07150876419742048518
11180,0.10517593353447186877
11181,0.99999854083995420861
11182,0.99989361074634386384
11183,0.99900726893226698966
11184,0.99965980063391890464
11185,0.99996762246110937333
11186,0.99997128740827623261
11187,0.43368195347372451298
11188,0.99900726893226687864
11189,0.99989445515386288221
11190,0.99999481110962540331
11191,0.99923296066321154463
11192,0.99988235544708414793
11193,0.98669917169972598536
11194,0.99992662364800910524
11195,0.99917543399587671615
11196,0.99887862360203305556
11197,0.99999950511697488498
11198,0.99327533219884134308
11199,0.01051868821357552532
11200,0.99959382830893594996
11201,0.97644958669684245312
11202,0.99632300129449957726
11203,0.03030077819384561014
11204,0.99614072103060358199
11205,0.94874388163788869743
11206,0.00170147556697300786
11207,0.86890910517005515157
11208,0.00085177201133806264
11209,0.94590915318235602172
11210,0.99607225287174205874
11211,0.00247602004366752294
11212,0.49677757807607836327
11213,0.99626227008157575149
11214,0.13764301940774603672
11215,0.99681750751225450813
11216,0.99225583053591714933
11217,0.99793697243522061502
11218,0.98010568823350263656
11219,0.99855168071332478519
11220,0.92527909954363174450
11221,0.99930295600049778848
11222,0.00135674825247094938
11223,0.03732292775854081229
11224,0.99932995015407555250
11225,0.99299043348526006003
11226,0.04858106740687757191
11227,0.98664858642762431895
11228,0.99806983944735128134
11229,0.99743365482582024839
11230,0.04503508921308327362
11231,0.92215666048513145192
11232,0.93252680342307103789
11233,0.98089197350101531292
11234,0.97262419454783899386
11235,0.05488309712767634740
11236,0.01204081781588124157
11237,0.98145178265535726325
11238,0.05346760313662608788
11239,0.00014604192357878509
11240,0.00155564572290474434
11241,0.98040770211233008169
11242,0.99925021201231989387
11243,0.99856738443405190786
11244,0.04115499710393764887
11245,0.99947079893785573113
11246,0.99999144636154546628
11247,0.99960103658026489004
11248,0.00208777556971178127
11249,0.98910933321820060371
11250,0.02363686212335795039
11251,0.99560556924808241153
11252,0.00088427461251023480
11253,0.99808002200575307583
11254,0.97974578930687172829
11255,0.00112374188309517678
11256,0.99276984133984846892
11257,0.00083074627646097395
11258,0.01294896644847040590
11259,0.86809625149571856273
11260,0.49677757807607830776
11261,0.00570174551810079169
11262,0.99952128209450430418
11263,0.79792964409638522660
11264,0.04939127068330741166
11265,0.24759094654373212108
11266,0.99756699343204502384
11267,0.08235396431247574145
11268,0.99999090038959104199
11269,0.04569427456701821710
11270,0.99292790228759020277
11271,0.00303763617177173640
11272,0.00075350752574106293
11273,0.87983196165488031237
11274,0.97477842860266883385
11275,0.98143478558186281191
11276,0.00142867025985795996
11277,0.99894643418727935291
11278,0.99875481604863436402
11279,0.49677757807607830776
11280,0.00114925211992139911
11281,0.95398289523003221291
11282,0.03591464787521102958
11283,0.00187599517391056443
11284,0.00136468113083166730
11285,0.03774558977241329605
11286,0.98787046780195941764
11287,0.99993585127817374847
11288,0.78641056311903001497
11289,0.00372543609275827105
11290,0.00427972803658616292
11291,0.99999177534493410846
11292,0.97073428827274998998
11293,0.99893708341128550909
11294,0.96810836035225533713
11295,0.09565334505311900992
11296,0.99868634430660707668
11297,0.83459187842408555369
11298,0.97053448507888462338
11299,0.99553781757993675683
11300,0.99920016745607598274
11301,0.96775302710281685403
11302,0.95179295741799130326
11303,0.99359489404849743455
11304,0.98715934436868757462
11305,0.88760941977505880551
11306,0.99718522051341429435
11307,0.98612611906055702704
11308,0.00761210749233108552
11309,0.99924814496747149661
11310,0.96244255747770601772
11311,0.99938645345920240626
11312,0.00033231500506449116
11313,0.95455067694989592653
11314,0.97974578930687161726
11315,0.98198529734366168942
11316,0.99601211983220827584
11317,0.98785753731655723264
11318,0.02468772579299440342
11319,0.00178520020921075248
11320,0.00862616093547451113
11321,0.99770307596395035876
11322,0.00149351282906234006
11323,0.99922014767589228956
11324,0.79792964409638522660
11325,0.99782769651160740931
11326,0.00173094392897490653
11327,0.99730601503003235564
11328,0.07601279688325401906
11329,0.00144434725726330757
11330,0.99967933867092617639
11331,0.92215666048513145192
11332,0.91006164431669178683
11333,0.02564990531155626058
11334,0.01084980008090440963
11335,0.05488309712767634740
11336,0.99702272630252530838
11337,0.00258639239371268558
11338,0.33047509858206491895
11339,0.98861608783012722146
11340,0.99645829597554036461
11341,0.01722858890211436192
11342,0.99998189267223436261
11343,0.00150642748536640361
11344,0.49677757807607836327
11345,0.05978439129605012115
11346,0.00026355688202798323
11347,0.00170147556697300786
11348,0.99185717066367029560
11349,0.00142867025985795996
11350,0.99658946446907925587
11351,0.00162483503837792241
11352,0.97263193933630553989
11353,0.88177978789318001152
11354,0.03548433432859346426
11355,0.00656725250649636740
11356,0.82542308416022869277
11357,0.99445618402554536441
11358,0.99997532644066544627
11359,0.05199256467485918048
11360,0.80657785291034589381
11361,0.98727071714250480561
11362,0.10405531622815197834
11363,0.02244273363122123097
11364,0.96992327413165602135
11365,0.99070777295648326799
11366,0.03405617292431870058
11367,0.22848903349720239842
11368,0.98897349695481506782
11369,0.83153537388589893187
11370,0.97766139353306580340
11371,0.99733903998997242013
11372,0.05346760313662608788
11373,0.00296465712063763561
11374,0.13408951275339162090
11375,0.82164832546117783085
11376,0.94874388163788869743
11377,0.03329053514053196411
11378,0.99107505312621946292
11379,0.93252680342307103789
11380,0.98842855143319874323
11381,0.99415674810473375622
11382,0.01191167381021882715
11383,0.93187858870965001312
11384,0.00057764789373479909
11385,0.95398289523003232393
11386,0.01754253864177234001
11387,0.01249813820091071927
11388,0.99095664306777164754
11389,0.98842855143319874323
11390,0.62197410408966291584
11391,0.94449182896861783032
11392,0.97053448507888462338
11393,0.80568223918290482466
11394,0.29723935465336870365
11395,0.99407662893030568352
11396,0.00358995938003884218
11397,0.99299312715839227472
11398,0.94392038941056943813
11399,0.10984440509813772624
11400,0.97530114943862622479
11401,0.88760941977505880551
11402,0.02146669085760522649
11403,0.99762776926716245640
11404,0.99409963057480610349
11405,0.76854840235708365981
11406,0.10984440509813772624
11407,0.07601279688325400519
11408,0.03030077819384561361
11409,0.07601279688325401906
11410,0.99035479010418203671
11411,0.96244255747770612874
11412,0.09884587861308431755
11413,0.99999177534493410846
11414,0.99992872415044364853
11415,0.83153537388589904289
11416,0.99935888292330643523
11417,0.99446501917147378524
11418,0.99423397441627492377
11419,0.01429472913641768352
11420,0.90801999867647875675
11421,0.06711299173792772965
11422,0.87482595598705381601
11423,0.00113946898943123381
11424,0.29723935465336870365
11425,0.94376423693143873805
11426,0.98842855143319874323
11427,0.00468526779729556888
11428,0.99214828344251182468
11429,0.24082519756732168048
11430,0.01542797563644551263
11431,0.99993247525763684358
11432,0.94899205331650859918
11433,0.01375165698986257311
11434,0.99558962518953575405
11435,0.03185809237623104390
11436,0.57676532199370966758
11437,0.95950208371922107720
11438,0.00333525529553334310
11439,0.45135153550854056892
11440,0.00340556849823876262
11441,0.92771175131819261228
11442,0.99998797148772144983
11443,0.95774225768608423071
11444,0.01410533573554345783
11445,0.94938416778624623582
11446,0.79792964409638522660
11447,0.97530114943862622479
11448,0.97588903571808205406
11449,0.00474783845453044789
11450,0.00302831790332937006
11451,0.99350249391273370847
11452,0.99828760248376569031
11453,0.89883391592355921240
11454,0.00594740374487162399
11455,0.01030849637268234364
11456,0.08984941519051369008
11457,0.01496037048551989226
11458,0.00613212041827574696
11459,0.02040663106307233701
11460,0.00416539605555717347
11461,0.98283473544954214063
11462,0.00037896265097947643
11463,0.01134871490848450917
11464,0.99902537461083418258
11465,0.00247602004366752294
11466,0.00829663116429465650
11467,0.97974578930687172829
11468,0.96756949070785813749
11469,0.98749615947502844548
11470,0.99415674810473375622
11471,0.04503508921308327362
11472,0.00014604192357878509
11473,0.91948411176551991808
11474,0.49677757807607830776
11475,0.98088651071889942923
11476,0.99566923799107109883
11477,0.83695836922221000798
11478,0.97364899600759868825
11479,0.02048662297875164517
11480,0.00187599517391056443
11481,0.00135234270140211096
11482,0.03798766792469673165
11483,0.00351330194927988943
11484,0.46108120847137468168
11485,0.99230728988288119385
11486,0.84643326104967386847
11487,0.97958249160994692595
11488,0.01538345441699505781
11489,0.03185809237623104390
11490,0.94297276241133332064
11491,0.98842855143319874323
11492,0.92356498762259808810
11493,0.99806566224601267479
11494,0.96749834226346154153
11495,0.02309374689889527252
11496,0.98870088227795605018
11497,0.99850154754628983600
11498,0.99999090038959104199
11499,0.98362111896821780022
11500,0.95506369153844994369
11501,0.99756699343204502384
11502,0.98086188949623787092
11503,0.00345994333309336674
11504,0.00499455388714954446
11505,0.01766753898281954449
11506,0.95909322816911724008
11507,0.64836953999205182431
11508,0.71613700211348696456
11509,0.96473825441802230074
11510,0.99846379652487682321
11511,0.99935888292330643523
11512,0.07319483477226174095
11513,0.01684997700535790718
11514,0.00851122290395822483
11515,0.05811394860529505574
11516,0.95574211463091385266
11517,0.05346760313662608788
11518,0.01473703868359635058
11519,0.99878601871103667165
11520,0.01017858980487841222
11521,0.98501389542351192041
11522,0.99196135705663368576
11523,0.24759094654373214883
11524,0.66379612489201522685
11525,0.00090179183247609802
11526,0.00451830992692534190
11527,0.96296946118092607847
11528,0.88721580911885511433
11529,0.99710737505014335191
11530,0.98417549995913555794
11531,0.00371523940263246205
11532,0.98932392287956427701
11533,0.00839065421573510772
11534,0.97957181658817893410
11535,0.01007471306845415630
11536,0.06586909650760573720
11537,0.95691853660036985119
11538,0.98289271350264173499
11539,0.94045877338420214020
11540,0.03798766792469673165
11541,0.01496037048551989573
11542,0.98677037010193890954
11543,0.74757537037740562358
11544,0.99974345448389567714
11545,0.99614072103060358199
11546,0.98892616884104678210
11547,0.96244255747770601772
11548,0.98353236326811377399
11549,0.98550575655912153739
11550,0.08235396431247575533
11551,0.05199256467485918048
11552,0.97397938179023635374
11553,0.96098750324033177517
11554,0.18174866958618954293
11555,0.99835385306694734986
11556,0.95043166115693344942
11557,0.01282281917024744727
11558,0.83153537388589893187
11559,0.98962255462211212720
11560,0.00150642748536640361
11561,0.16488409121145852776
11562,0.11057677515071669128
11563,0.99614072103060358199
11564,0.11096687997379084401
11565,0.95950208371922096617
11566,0.00869871593048479434
11567,0.07601279688325401906
11568,0.98808448570524065602
11569,0.99219376826987293327
11570,0.99819759801515994813
11571,0.99675862000899584370
11572,0.99761098512930190818
11573,0.99998844106385398334
11574,0.00194334200991916144
11575,0.97926664254004258670
11576,0.99935888292330643523
11577,0.16488409121145850000
11578,0.01352556268834294827
11579,0.95179295741799130326
11580,0.01990822217563215785
11581,0.96244255747770612874
11582,0.02271121707177537613
11583,0.99875097768848353219
11584,0.99890244475948697378
11585,0.01863078225565495058
11586,0.00775134846639907553
11587,0.79792964409638511558
11588,0.99999177534493410846
11589,0.02251585835195372975
11590,0.93674046164374114021
11591,0.00223859755650863360
11592,0.00233754409544571252
11593,0.03038713922920162694
11594,0.99274293341513486499
11595,0.03658004957281767860
11596,0.00289201832214159345
11597,0.99792309326994688146
11598,0.97464427289738153615
11599,0.00061143803924942430
11600,0.79792964409638522660
11601,0.89883391592355921240
11602,0.98489632896404022411
11603,0.99810663787770637079
11604,0.00112952782425688276
11605,0.97703957864275470246
11606,0.99994654216026945814
11607,0.03322828301709464249
11608,0.02885734381071290017
11609,0.01923582873641521002
11610,0.00843846944525528109
11611,0.87358334280749050382
11612,0.99249721509103383532
11613,0.99983964362541899451
11614,0.99995248163799177465
11615,0.00414420667019405053
11616,0.98793667338035384695
11617,0.03708571100999866199
11618,0.99599635826822274787
11619,0.97588903571808194304
11620,0.98086188949623775990
11621,0.02556686837614564542
11622,0.05199256467485917355
11623,0.88177978789317990049
11624,0.99957249725576757804
11625,0.99998797148772144983
11626,0.04477284132373899467
11627,0.13051781853104205133
11628,0.01538345441699505607
11629,0.99999144636154546628
11630,0.99995248163799177465
11631,0.19976631522338217373
11632,0.99611286394779940956
11633,0.03472163217562904136
11634,0.94189676540362754498
11635,0.01459181869872665585
11636,0.95478173688855683121
11637,0.51678190434619764027
11638,0.00326800534702869749
11639,0.00099507574094943592
11640,0.97644958669684245312
11641,0.00312415463253327193
11642,0.98529535345467744722
11643,0.34306072590774983055
11644,0.01249813820091072100
11645,0.00519361695154921515
11646,0.00155564572290474434
11647,0.99966750837488804748
11648,0.59168514580411391002
11649,0.94528305733272122158
11650,0.02713022838491909935
11651,0.01586886568837225786
11652,0.95950208371922096617
11653,0.00054127034475608387
11654,0.99372174473822838525
11655,0.99792309326994688146
11656,0.99746764888591976650
11657,0.96244255747770612874
11658,0.09477872441652497593
11659,0.99998844106385398334
11660,0.93746212102602022309
11661,0.99978620292846642759
11662,0.00889286933317039001
11663,0.01012638505106889034
11664,0.01299156891199879614
11665,0.03030077819384561014
11666,0.56349881006479718426
11667,0.94045877338420225122
11668,0.99598575920208787249
11669,0.99415674810473375622
11670,0.95291337536099107730
11671,0.95398289523003232393
11672,0.17990853956306102068
11673,0.14333747776949171127
11674,0.93717638330084418463
11675,0.87358334280749061485
11676,0.01282281917024744727
11677,0.98974999736754187829
11678,0.99387979517018365527
11679,0.08235396431247574145
11680,0.02146669085760521609
11681,0.98997184950110306279
11682,0.99792309326994688146
11683,0.99514579717145423832
11684,0.99783674269301370074
11685,0.00594024626944551770
11686,0.00315409983192684821
11687,0.49677757807607830776
11688,0.98861608783012722146
11689,0.99756699343204502384
11690,0.86384172475537246427
11691,0.99985745846065632314
11692,0.99951908511179299310
11693,0.98422549956253213566
11694,0.98816257939351948014
11695,0.99967933867092617639
11696,0.99724495678173807889
11697,0.99403174013630979378
11698,0.00425537651554384107
11699,0.82199849618154985365
11700,0.99602567981217593474
11701,0.99847202266326307019
11702,0.23576483987641977391
11703,0.98052460310691580414
11704,0.71164787987745148357
11705,0.00564928695513822621
11706,0.98282727393244151415
11707,0.99871858738212437867
11708,0.94260089603913810308
11709,0.02246164624577951657
11710,0.97749597006489685747
11711,0.99582779288713252352
11712,0.00680882795886737432
11713,0.92595029539134410257
11714,0.95241762731072088233
11715,0.99691953672984279233
11716,0.99833368698634161742
11717,0.99998797148772144983
11718,0.96473825441802230074
11719,0.15827518496492559708
11720,0.99930295600049778848
11721,0.93674046164374114021
11722,0.00791418204784584758
11723,0.00046972190396606870
11724,0.99914535987253527693
11725,0.86498291871993593372
11726,0.05026602253334358505
11727,0.00744420879511358945
11728,0.02015206005671623529
11729,0.99403174013630979378
11730,0.06174898004214149361
11731,0.00926183367769367084
11732,0.00591178781742663847
11733,0.19794559416357962456
11734,0.01299156891199879614
11735,0.97067185442072090318
11736,0.96208900992251855655
11737,0.98351488539129394706
11738,0.98036279840693119070
11739,0.00054127034475608387
11740,0.00090320623958514994
11741,0.00926183367769367084
11742,0.00185816524634924390
11743,0.56826900422920756384
11744,0.97067185442072090318
11745,0.99998844106385398334
11746,0.03582504353633397809
11747,0.82422731355896527994
11748,0.00114925211992139911
11749,0.25468834721995842196
11750,0.13646094946621536992
11751,0.89238540613600625395
11752,0.97875459421846322527
11753,0.00033231500506449116
11754,0.01645672693503779510
11755,0.99646499076510475224
11756,0.12421906334843828279
11757,0.99875097768848353219
11758,0.00046972190396606870
11759,0.99971575074054941368
11760,0.02876391949905828319
11761,0.99871858738212437867
11762,0.00033231500506449116
11763,0.20872574514695976799
11764,0.92760411909148454690
11765,0.74347008560565108759
11766,0.99993585127817374847
11767,0.05151480444499278999
11768,0.99034546921823563004
11769,0.22000232324521362681
11770,0.00519610210325079612
11771,0.00325819993603466973
11772,0.03062279203067504868
11773,0.03658004957281768554
11774,0.81625644752528003778
11775,0.59690248234952059114
11776,0.00766662584971521816
11777,0.80335420297042514637
11778,0.88505884855653349508
11779,0.98043054264413698196
11780,0.99662150108054958775
11781,0.99483211094892065596
11782,0.07601279688325401906
11783,0.99912524874769426120
11784,0.49677757807607836327
11785,0.08570827945146676508
11786,0.99635492439451212032
11787,0.99870205103069786823
11788,0.00261611417264388585
11789,0.01863078225565495058
11790,0.99855786647302058334
11791,0.00094600135344433437
11792,0.01260452272792710222
11793,0.98488392248966660780
11794,0.90903748297933395506
11795,0.03658004957281767860
11796,0.99791574843835106901
11797,0.00815948224846819829
11798,0.99291691323370812050
11799,0.87358334280749050382
11800,0.29144867015172104541
11801,0.99992872415044353751
11802,0.99716264288880041011
11803,0.98532198729945064120
11804,0.00255097034373309717
11805,0.99998797148772144983
11806,0.02543959079771610649
11807,0.03798766792469673859
11808,0.90118363808073431720
11809,0.99315618573153174875
11810,0.97933254747863685008
11811,0.00224627123293527067
11812,0.02564990531155626405
11813,0.00224627123293527067
11814,0.99434134141278318619
11815,0.99774038692593824962
11816,0.99357201080252210978
11817,0.99763146709845351712
11818,0.00230032383601836473
11819,0.97053448507888462338
11820,0.99497066508681364372
11821,0.99826252014110772315
11822,0.02468772579299441036
11823,0.93837258735700401768
11824,0.03030077819384561361
11825,0.00088427461251023480
11826,0.98355093327439258033
11827,0.00613212041827574696
11828,0.02468772579299441036
11829,0.99902537461083418258
11830,0.00091415524547631478
11831,0.99993247525763684358
11832,0.02489525267766113867
11833,0.03690326174189015318
11834,0.88760941977505880551
11835,0.97106862962077189483
11836,0.96244255747770601772
11837,0.00037621862448871334
11838,0.99998797148772144983
11839,0.00169333540165933711
11840,0.00378253370053039739
11841,0.99614072103060358199
11842,0.96884402760471344251
11843,0.00551749356776593067
11844,0.00997293512346808519
11845,0.96528943398997213432
11846,0.88238982480692007559
11847,0.99604327356724287057
11848,0.94938416778624612480
11849,0.99994168264006844105
11850,0.99861618122146855736
11851,0.99055931324618085032
11852,0.00327985002622726294
11853,0.04890193795592420040
11854,0.99510580655576930109
11855,0.20062749696141016220
11856,0.01702432561072932810
11857,0.98861608783012722146
11858,0.01288367308447838956
11859,0.03405617292431870058
11860,0.96383913668205312142
11861,0.00054127034475608387
11862,0.02438284264287069597
11863,0.99855498637377171356
11864,0.98278816115916944884
11865,0.06174898004214150055
11866,0.98908586523437314053
11867,0.49677757807607836327
11868,0.00107970107210566342
11869,0.85286245143389716183
11870,0.99445618402554525339
11871,0.99894643418727935291
11872,0.96244255747770601772
11873,0.99870092151940204062
11874,0.96733711118805798534
11875,0.78040772555713400216
11876,0.98086188949623787092
11877,0.00170147556697300786
11878,0.03768010299585893008
11879,0.95598251101947961939
11880,0.99423178550221935623
11881,0.01720231994811946205
11882,0.89102637153780728241
11883,0.99078292871096840244
11884,0.93187858870965012414
11885,0.99975956084042483241
11886,0.99922014767589228956
11887,0.00715423534579105475
11888,0.00653825555480163061
11889,0.91388458743661593608
11890,0.25679153096017653946
11891,0.00839065421573510772
11892,0.19794559416357962456
11893,0.98086188949623787092
11894,0.99993585127817374847
11895,0.85555722866014005668
11896,0.98772594550266068492
11897,0.00891250046611955470
11898,0.00084304325307456795
11899,0.81028196570804900123
11900,0.02358196704726632509
11901,0.99403174013630979378
11902,0.10984440509813774012
11903,0.00581600788714310181
11904,0.94672199436292714392
11905,0.00715423534579105475
11906,0.14128604623184851108
11907,0.03185809237623104390
11908,0.99850918131431432023
11909,0.01204081781588124504
11910,0.93252680342307103789
11911,0.02105363160647289941
11912,0.02468772579299440342
11913,0.99967933867092617639
11914,0.00358995938003884218
11915,0.95740390697737298709
11916,0.39691045727711726787
11917,0.96992327413165613237
11918,0.01473703868359635058
11919,0.01069310253263899835
11920,0.01547634890683586249
11921,0.99236389915762945879
11922,0.98861993638633582915
11923,0.99920016745607598274
11924,0.02713022838491910282
11925,0.03030077819384561361
11926,0.99114118043322529950
11927,0.99995723327097219002
11928,0.97313879424479332592
11929,0.99841407535957571451
11930,0.90801999867647875675
11931,0.95398289523003221291
11932,0.83540490210499185331
11933,0.99523384539399628590
11934,0.00594740374487162399
11935,0.89143341668088571517
11936,0.99920016745607598274
11937,0.00302831790332937049
11938,0.99313119747616507293
11939,0.98749615947502833446
11940,0.00522014386000782104
11941,0.00282873662011007667
11942,0.90689275547581726933
11943,0.00104466267885721677
11944,0.01618688787268130619
11945,0.96244255747770612874
11946,0.99999090038959104199
11947,0.99905683327505045987
11948,0.11260026811603521257
11949,0.99999177534493410846
11950,0.99836818021990503258
11951,0.99920016745607598274
11952,0.77554192512104469515
11953,0.02296481316566060388
11954,0.94672199436292703290
11955,0.99796597005923393109
11956,0.96864040553760344388
11957,0.01766753898281954449
11958,0.00084304325307456795
11959,0.00076155629585258140
11960,0.19794559416357959680
11961,0.02904602497355273857
11962,0.99964272783568974834
11963,0.00545449010403824784
11964,0.95398289523003232393
11965,0.00187599517391056443
11966,0.98539254146646848564
11967,0.97845332410384189270
11968,0.73628029801947314503
11969,0.98422549956253213566
11970,0.99978620292846642759
11971,0.00723425551424460283
11972,0.28054436696644530214
11973,0.06374252982972254677
11974,0.03030077819384561014
11975,0.97109007616021081333
11976,0.76208801874982756708
11977,0.02598751785127772704
11978,0.70628841247860429942
11979,0.99999144636154546628
11980,0.99623068678879234117
11981,0.00573158930439065031
11982,0.98010568823350274759
11983,0.99996334257973074067
11984,0.18554421459731043620
11985,0.00333678625303110866
11986,0.01618688787268130966
11987,0.99783674269301370074
11988,0.00454234836243038679
11989,0.33047509858206486344
11990,0.00142867025985795996
11991,0.98272086790302548565
11992,0.99718888946567174614
11993,0.01745322807670351972
11994,0.19794559416357965231
11995,0.06426119381899055016
11996,0.84538145860017832600
11997,0.97186510001956361027
11998,0.00409645359442679848
11999,0.99309759456353485785
12000,0.04115499710393764193
12001,0.78606576681394702000
12002,0.18927797776841662203
12003,0.46681070464694707223
12004,0.22590763703539556984
12005,0.14968215784030028392
12006,0.05004993526416354893
12007,0.16217414618125394754
12008,0.25063241875851338669
12009,0.42358685271814627837
12010,0.13780450353169612643
12011,0.06474370674263167647
12012,0.02333248795333503142
12013,0.07307562701583787679
12014,0.00805902442839638231
12015,0.20178811226043397165
12016,0.01303028259256761544
12017,0.07696417902420372992
12018,0.04777211809504969958
12019,0.66741514811296309695
12020,0.48864692603903864265
12021,0.72794065701165666660
12022,0.25236143800787180780
12023,0.20178811226043397165
12024,0.34414556898450138211
12025,0.33408265606086806621
12026,0.06474370674263167647
12027,0.23458665388821825504
12028,0.14747387741301865027
12029,0.10598187205025530466
12030,0.71817139511623939718
12031,0.20178811226043397165
12032,0.16713525671525586436
12033,0.24578624732309678480
12034,0.11144439317028151382
12035,0.13833224440844527070
12036,0.01677791151475361772
12037,0.80053866473299850615
12038,0.31322449376631383844
12039,0.25063241875851333118
12040,0.17696088907886306507
12041,0.28011668336915479527
12042,0.20850669081172962249
12043,0.95593375363225363550
12044,0.41413161741726184362
12045,0.67136057400907167558
12046,0.07574920874751835120
12047,0.34506501684600499047
12048,0.28273421493760475531
12049,0.76622919373049891423
12050,0.90030289693737541867
12051,0.66614914174928685497
12052,0.68175451406287113088
12053,0.18970394976068830073
12054,0.02134688691232529065
12055,0.05651746241859342823
12056,0.53860535739229087326
12057,0.14327030033370410922
12058,0.00668222577655051657
12059,0.36855572183514007101
12060,0.41413161741726184362
12061,0.21254506645620704908
12062,0.37794715782284099559
12063,0.37297163636952884724
12064,0.42939694769595498913
12065,0.92651969333277350849
12066,0.18607687389139629386
12067,0.90951532545503932514
12068,0.11050030027255509923
12069,0.02134688691232529065
12070,0.37157310704960838654
12071,0.06178928169301579204
12072,0.36744962091412858296
12073,0.73749505800875236883
12074,0.96667221184237972498
12075,0.99777037335101137483
12076,0.00183431362775396270
12077,0.83777910483265483066
12078,0.53860535739229087326
12079,0.00623315548514693629
12080,0.16841771778301312112
12081,0.09717539362308859341
12082,0.66741514811296309695
12083,0.41413161741726184362
12084,0.53929895920564652201
12085,0.00931898719523567565
12086,0.20056923060892928312
12087,0.41126349543008311471
12088,0.14786970853961198258
12089,0.09206689494377519323
12090,0.48589426887740655436
12091,0.74138741521724538242
12092,0.20178811226043397165
12093,0.26439118125860650022
12094,0.85149049400331655590
12095,0.53860535739229087326
12096,0.20178811226043397165
12097,0.02047564542795370784
12098,0.71497298497520545002
12099,0.61984205330700892222
12100,0.33408265606086806621
12101,0.41413161741726184362
12102,0.90909976558764893362
12103,0.04153522912096498793
12104,0.33408265606086812172
12105,0.22719682903739887858
12106,0.53929895920564674405
12107,0.71111751238496456740
12108,0.00438148888979602961
12109,0.20178811226043397165
12110,0.20850669081172965025
12111,0.04012961116650050342
12112,0.01644787250344792104
12113,0.99777037335101137483
12114,0.32708164162382341589
12115,0.86977789509332226192
12116,0.49282093013906197454
12117,0.20850669081172965025
12118,0.04830245815968936540
12119,0.21548243054550036968
12120,0.05234342083374972365
12121,0.00688475987529076246
12122,0.53860535739229087326
12123,0.34103472561200759428
12124,0.12372940645069264998
12125,0.20178811226043397165
12126,0.12249920247915054017
12127,0.02132943363755121502
12128,0.29123926473185968167
12129,0.70848216706275624066
12130,0.75063135401152625281
12131,0.27343274797143585220
12132,0.77787778614671820865
12133,0.32682797548226300011
12134,0.06809867475196082487
12135,0.30350076323728364391
12136,0.99239673598647959452
12137,0.16217414618125394754
12138,0.24222878904760333785
12139,0.28640254975354850764
12140,0.25990698389514549360
12141,0.54856553196132451511
12142,0.00623315548514693629
12143,0.32708164162382341589
12144,0.46090328404013769514
12145,0.00073292423111240605
12146,0.18534243138335293466
12147,0.95593375363225363550
12148,0.37023480099888661510
12149,0.97888333357094836629
12150,0.36855572183514007101
12151,0.15750299292372035853
12152,0.23300545333378355761
12153,0.01370772714188903119
12154,0.03962251149298936376
12155,0.91091560862171860879
12156,0.36855572183514007101
12157,0.07716271267673138756
12158,0.12764752520104200029
12159,0.20178811226043397165
12160,0.14636651112676177244
12161,0.21470771484354325698
12162,0.03086989346531331460
12163,0.53860535739229087326
12164,0.24023117898963641803
12165,0.16286958577974208762
12166,0.17355978220183759797
12167,0.33899003307052377743
12168,0.64588882989191598316
12169,0.33899003307052377743
12170,0.02148130343714590301
12171,0.09215366764375436393
12172,0.22590763703539556984
12173,0.11050030027255508536
12174,0.42358685271814633388
12175,0.81868261217571447474
12176,0.93125055788628041675
12177,0.09513815100975178685
12178,0.14968215784030028392
12179,0.50084251458198303375
12180,0.18534243138335293466
12181,0.08072310143936413385
12182,0.53860535739229076224
12183,0.97388497453598532605
12184,0.11950308665498059202
12185,0.82906335035858302884
12186,0.95956550167279952568
12187,0.83380087177937944887
12188,0.99777037335101137483
12189,0.99373007577311700533
12190,0.10579506628777407551
12191,0.03140773494762310464
12192,0.23458665388821825504
12193,0.61984205330700892222
12194,0.53860535739229087326
12195,0.11305713075764783904
12196,0.37794715782284105110
12197,0.94909922412995484375
12198,0.21203203880966822736
12199,0.11481290036115897324
12200,0.20178811226043397165
12201,0.34414556898450138211
12202,0.23458665388821825504
12203,0.20850669081172962249
12204,0.06464260929909784736
12205,0.65649808224065653306
12206,0.35849824457822432322
12207,0.41126349543008311471
12208,0.76251557123299495977
12209,0.20850669081172965025
12210,0.41413161741726184362
12211,0.86764412733109241849
12212,0.02333248795333502448
12213,0.69950403730488430742
12214,0.00631040530962467469
12215,0.33408265606086812172
12216,0.02333248795333502448
12217,0.53860535739229087326
12218,0.45817561936467732231
12219,0.24199695803882978473
12220,0.54628996913216620879
12221,0.53860535739229087326
12222,0.90030289693737541867
12223,0.80548212752344561238
12224,0.20850669081172959474
12225,0.10598187205025530466
12226,0.76251557123299507079
12227,0.08072310143936413385
12228,0.20178811226043397165
12229,0.04205912210994803418
12230,0.11239654916128806461
12231,0.51838528722250398761
12232,0.16713525671525583660
12233,0.66741514811296309695
12234,0.75472274944906558858
12235,0.34829203328895330660
12236,0.08622776775251249359
12237,0.50084251458198314477
12238,0.20850669081172965025
12239,0.20178811226043397165
12240,0.94753620424233342412
12241,0.10923838455488903143
12242,0.53860535739229087326
12243,0.17452627968790190849
12244,0.05719901115581129541
12245,0.38825110898175047014
12246,0.13081749650160248710
12247,0.81868261217571447474
12248,0.79224307477354516394
12249,0.04180144314506097081
12250,0.92651969333277350849
12251,0.20850669081172962249
12252,0.94931494228668444890
12253,0.20850669081172962249
12254,0.79804174751639556096
12255,0.20178811226043397165
12256,0.16713525671525586436
12257,0.33408265606086806621
12258,0.16286958577974208762
12259,0.34506501684600499047
12260,0.25478298637241286739
12261,0.02067251294082904020
12262,0.05848124786074030551
12263,0.17850412305719018380
12264,0.80053866473299839512
12265,0.42250881007722884686
12266,0.09424702211397241458
12267,0.08798936112072579252
12268,0.40328061802813863768
12269,0.50084251458198314477
12270,0.13186540602142451939
12271,0.66741514811296320797
12272,0.07716271267673137368
12273,0.44833870566773714739
12274,0.89182645041319996704
12275,0.99777037335101137483
12276,0.86977789509332226192
12277,0.14327030033370413697
12278,0.05213479029885346311
12279,0.95956550167279952568
12280,0.20178811226043397165
12281,0.02752587423227577726
12282,0.52584033749586878148
12283,0.59509801163078257513
12284,0.82361349962050722784
12285,0.87474157929043439008
12286,0.00953818363794777489
12287,0.51808284319859843059
12288,0.16875586352709778803
12289,0.06687666585897747429
12290,0.24578624732309678480
12291,0.67666600459781156562
12292,0.28273421493760481082
12293,0.54856553196132462613
12294,0.50084251458198314477
12295,0.73695430567538688926
12296,0.54727140203616186920
12297,0.24578624732309678480
12298,0.90312924485586365542
12299,0.33408265606086806621
12300,0.86276883715118657392
12301,0.53929895920564663303
12302,0.08522970212361631603
12303,0.01495559363973295725
12304,0.52584033749586889250
12305,0.61752102410933074061
12306,0.53860535739229087326
12307,0.12858226736060276996
12308,0.13833224440844527070
12309,0.96737924277376663440
12310,0.01374423766433327705
12311,0.30070818957690209627
12312,0.20178811226043397165
12313,0.61752102410933074061
12314,0.79224307477354516394
12315,0.58415221475930290129
12316,0.04417497271722332919
12317,0.32708164162382341589
12318,0.03670433568382090728
12319,0.93650641860587813259
12320,0.10598187205025530466
12321,0.41480903483417891353
12322,0.03372308927585687677
12323,0.68193946117191495127
12324,0.22719682903739887858
12325,0.40328061802813863768
12326,0.21203203880966822736
12327,0.09751841449652620675
12328,0.11638708877244115236
12329,0.16217414618125394754
12330,0.66741514811296309695
12331,0.95593375363225363550
12332,0.90030289693737541867
12333,0.18203605511742398937
12334,0.50084251458198314477
12335,0.42939694769595493362
12336,0.00183431362775396270
12337,0.87361200757037060782
12338,0.85042917621470459633
12339,0.18534379029797568017
12340,0.02377008106116433248
12341,0.26439118125860650022
12342,0.92979776067434982689
12343,0.95593375363225363550
12344,0.44527671343378183444
12345,0.95593375363225363550
12346,0.56843960783482305743
12347,0.01892327171614386835
12348,0.82361349962050722784
12349,0.20850669081172962249
12350,0.18324496288441147196
12351,0.46681070464694707223
12352,0.06474370674263167647
12353,0.72885444346798866633
12354,0.94909922412995484375
12355,0.99777037335101137483
12356,0.66741514811296309695
12357,0.53860535739229087326
12358,0.95593375363225363550
12359,0.58523385120762538847
12360,0.15137580984001527962
12361,0.23458665388821825504
12362,0.11799734322752050697
12363,0.42939694769595498913
12364,0.30096298491660267160
12365,0.26439118125860650022
12366,0.79186033942276512487
12367,0.08558513830306224701
12368,0.27339622641509436773
12369,0.95956550167279952568
12370,0.11239654916128806461
12371,0.28640254975354856315
12372,0.24584722549299095617
12373,0.20178811226043397165
12374,0.20178811226043397165
12375,0.16464208242950109651
12376,0.41413161741726184362
12377,0.57529170434744247853
12378,0.20850669081172965025
12379,0.12160196046545589110
12380,0.31303835776923366607
12381,0.39950338413316260899
12382,0.04630243575097661018
12383,0.31303835776923366607
12384,0.28067990785131685660
12385,0.21548243054550036968
12386,0.31106658556656768821
12387,0.00328972013540297431
12388,0.04950318612595196871
12389,0.48290312831637149937
12390,0.99193964634910558598
12391,0.03459513662572073767
12392,0.37794715782284105110
12393,0.13327167894980215812
12394,0.91682609136076842482
12395,0.00227006353710443570
12396,0.11305713075764783904
12397,0.22719682903739887858
12398,0.37794715782284105110
12399,0.99777037335101137483
12400,0.44833870566773714739
12401,0.08622776775251249359
12402,0.34414556898450138211
12403,0.08522970212361631603
12404,0.42939694769595498913
12405,0.04830245815968936540
12406,0.01423936661011400082
12407,0.23458665388821825504
12408,0.23870712661856285930
12409,0.36654659040524456559
12410,0.02153010872036266801
12411,0.31303835776923366607
12412,0.01374423766433327705
12413,0.72885444346798866633
12414,0.07139318423948547154
12415,0.40621802329656164776
12416,0.52584033749586878148
12417,0.16713525671525586436
12418,0.16713525671525583660
12419,0.90030289693737541867
12420,0.02134688691232529065
12421,0.01374423766433327358
12422,0.72392127849324539035
12423,0.93125055788628041675
12424,0.80053866473299839512
12425,0.23458665388821825504
12426,0.73145697402960974109
12427,0.16713525671525586436
12428,0.04012961116650050342
12429,0.48290312831637149937
12430,0.41413161741726184362
12431,0.01472909566236738771
12432,0.93650641860587813259
12433,0.53860535739229087326
12434,0.18927797776841662203
12435,0.41190488570638084109
12436,0.41413161741726184362
12437,0.00588080551300931668
12438,0.52211752442565584342
12439,0.98243709781136412396
12440,0.31441044621875158249
12441,0.00623201682515515595
12442,0.52914162187541258220
12443,0.70012151563692381906
12444,0.66741514811296320797
12445,0.42939694769595498913
12446,0.18607687389139629386
12447,0.16574091565296208972
12448,0.00528083115690382472
12449,0.00416332652375164813
12450,0.34414556898450138211
12451,0.14747387741301865027
12452,0.70070723556384550967
12453,0.23300545333378358537
12454,0.01078859491394811368
12455,0.94909922412995484375
12456,0.50084251458198325579
12457,0.08722446077269496723
12458,0.48290312831637149937
12459,0.06474370674263167647
12460,0.05883018110853746596
12461,0.06269775592659300456
12462,0.07391456429539591810
12463,0.42358685271814633388
12464,0.99643736337135879744
12465,0.68073288011938326569
12466,0.95593375363225363550
12467,0.36920556920556918401
12468,0.06001890568901473155
12469,0.86977789509332226192
12470,0.02169515942833683333
12471,0.00114671071491952571
12472,0.43832952501336963635
12473,0.08881541623659092166
12474,0.44833870566773714739
12475,0.24578624732309678480
12476,0.00438148888979602961
12477,0.32708164162382341589
12478,0.12160196046545589110
12479,0.24578624732309678480
12480,0.44833870566773714739
12481,0.98243709781136412396
12482,0.14327030033370410922
12483,0.90909976558764893362
12484,0.40509813614421325001
12485,0.77558710980750189545
12486,0.59782545631766448313
12487,0.37023480099888661510
12488,0.41413161741726184362
12489,0.05848124786074030551
12490,0.23136800926110734355
12491,0.16286958577974208762
12492,0.75737656719238921621
12493,0.40714565753309372997
12494,0.41413161741726184362
12495,0.41258122578480127540
12496,0.83380087177937944887
12497,0.03976262114134680725
12498,0.04449087251228350803
12499,0.05058176447102305517
12500,0.26319677213105224789
12501,0.33408265606086806621
12502,0.16835453109194031818
12503,0.02293253330603269718
12504,0.20850669081172962249
12505,0.95593375363225363550
12506,0.20850669081172962249
12507,0.95593375363225363550
12508,0.50084251458198325579
12509,0.12733702131375596034
12510,0.57225369321337338224
12511,0.20053975503425372495
12512,0.31441044621875158249
12513,0.53860535739229087326
12514,0.06474370674263167647
12515,0.50084251458198314477
12516,0.45037536037450409676
12517,0.70848216706275624066
12518,0.20178811226043397165
12519,0.00447263290379286416
12520,0.02153010872036266801
12521,0.89692312908297000540
12522,0.32708164162382341589
12523,0.06474370674263167647
12524,0.85177733534411281813
12525,0.54727140203616186920
12526,0.06632408947057877313
12527,0.09500703351261895191
12528,0.93125055788628041675
12529,0.01805113332611922236
12530,0.66347476141198102884
12531,0.96667221184237972498
12532,0.02280224481726927585
12533,0.13993576064650706248
12534,0.44686165310674724749
12535,0.02169515942833683333
12536,0.04299559732798238082
12537,0.93650641860587813259
12538,0.77787778614671820865
12539,0.95593375363225363550
12540,0.02134688691232529065
12541,0.41413161741726184362
12542,0.05303910045309134097
12543,0.79003325881903940786
12544,0.02417576229669741658
12545,0.20178811226043397165
12546,0.76622919373049891423
12547,0.21548243054550036968
12548,0.07497921322363576557
12549,0.85755502126872562574
12550,0.00312574827048400566
12551,0.19099637927412480010
12552,0.38789249802633507525
12553,0.41413161741726184362
12554,0.40328061802813863768
12555,0.85591483153813063822
12556,0.34987860389879471557
12557,0.67666600459781156562
12558,0.95956550167279952568
12559,0.06474370674263167647
12560,0.89182645041319996704
12561,0.00762037991459284161
12562,0.48290312831637149937
12563,0.99643736337135879744
12564,0.36855572183514007101
12565,0.95593375363225363550
12566,0.36855572183514007101
12567,0.87774629048404140264
12568,0.04417497271722332919
12569,0.16713525671525583660
12570,0.22590763703539556984
12571,0.03140773494762310464
12572,0.16217414618125394754
12573,0.22590763703539556984
12574,0.96784697464327762439
12575,0.20178811226043397165
12576,0.06009022345922255398
12577,0.01026674602315766870
12578,0.00588080551300931668
12579,0.13552949099276054290
12580,0.50084251458198325579
12581,0.50084251458198314477
12582,0.50084251458198325579
12583,0.98466853486504957171
12584,0.75472274944906569960
12585,0.09820013614703880511
12586,0.11662581945936810468
12587,0.87474157929043439008
12588,0.20178811226043397165
12589,0.48864692603903864265
12590,0.32708164162382341589
12591,0.23458665388821825504
12592,0.00988514656955482435
12593,0.20178811226043397165
12594,0.18607687389139629386
12595,0.13833224440844527070
12596,0.02572535651988655525
12597,0.23300545333378361312
12598,0.29123926473185968167
12599,0.44527671343378188995
12600,0.06474370674263167647
12601,0.12536906654553714446
12602,0.76622919373049891423
12603,0.42358685271814633388
12604,0.05138039945468163283
12605,0.44754656028004424773
12606,0.02711578947368421463
12607,0.33408265606086812172
12608,0.04777211809504969958
12609,0.09039804238353033039
12610,0.05234342083374972365
12611,0.00829364212655824863
12612,0.19533435336779883529
12613,0.06474370674263167647
12614,0.86193998637683577613
12615,0.01024621763788701768
12616,0.40714565753309372997
12617,0.16497986978357820353
12618,0.75063135401152625281
12619,0.73644058913167975700
12620,0.70658153391341460559
12621,0.42939694769595498913
12622,0.20178811226043397165
12623,0.34414556898450138211
12624,0.01238683866334983237
12625,0.91376074799506623592
12626,0.42939694769595498913
12627,0.87536813489109677189
12628,0.36077682795252724590
12629,0.81868261217571447474
12630,0.42939694769595498913
12631,0.16464208242950109651
12632,0.66741514811296320797
12633,0.28640254975354856315
12634,0.71888604291357538489
12635,0.12536906654553717222
12636,0.89073937468081487712
12637,0.25886199142973387310
12638,0.06474370674263167647
12639,0.00340123479611076232
12640,0.96721230521929690838
12641,0.00931898719523567565
12642,0.89096532333904621126
12643,0.14747387741301865027
12644,0.50084251458198314477
12645,0.65129423371658845543
12646,0.16286958577974208762
12647,0.66741514811296309695
12648,0.36855572183514007101
12649,0.27339622641509436773
12650,0.08024838786720804584
12651,0.12160196046545589110
12652,0.35975021779465454763
12653,0.00872475038272391146
12654,0.99777037335101137483
12655,0.08072310143936413385
12656,0.50084251458198314477
12657,0.24199695803882975698
12658,0.28067990785131680109
12659,0.12160196046545589110
12660,0.69264732629331693392
12661,0.71083812641727628368
12662,0.45350999708713929381
12663,0.14786970853961198258
12664,0.20850669081172962249
12665,0.34921683285041399403
12666,0.07716271267673137368
12667,0.38789249802633507525
12668,0.90936904285613429089
12669,0.50084251458198325579
12670,0.18203605511742398937
12671,0.56332917564349704875
12672,0.66741514811296309695
12673,0.12380366626166959543
12674,0.74615855237932560140
12675,0.03429948581839648014
12676,0.94909922412995495478
12677,0.49680933408808536367
12678,0.06474370674263167647
12679,0.41480903483417891353
12680,0.06178928169301579204
12681,0.12344111269512299256
12682,0.00202700788665542697
12683,0.42358685271814627837
12684,0.23458665388821825504
12685,0.34987860389879471557
12686,0.09632544084380743887
12687,0.28011668336915473976
12688,0.77478215100298264417
12689,0.08622776775251249359
12690,0.00396585912578670610
12691,0.05883018110853746596
12692,0.20344413898405799834
12693,0.18203605511742398937
12694,0.85572203919844735953
12695,0.73749505800875236883
12696,0.24222878904760333785
12697,0.42358685271814633388
12698,0.20178811226043397165
12699,0.05848124786074029857
12700,0.23458665388821825504
12701,0.18607687389139629386
12702,0.46090328404013769514
12703,0.00460256976812053412
12704,0.51366243710493253438
12705,0.41413161741726184362
12706,0.37691052957948417701
12707,0.05883018110853746596
12708,0.95207707489714810123
12709,0.23458665388821825504
12710,0.11638708877244116624
12711,0.25109359866708780284
12712,0.41413161741726184362
12713,0.13186540602142451939
12714,0.17873971648859679484
12715,0.09689206878467054862
12716,0.17406405674146949170
12717,0.79804174751639556096
12718,0.43832952501336958084
12719,0.00528083115690382646
12720,0.38789249802633507525
12721,0.32708164162382341589
12722,0.28273421493760475531
12723,0.61329955914316347521
12724,0.90951532545503932514
12725,0.06178928169301579204
12726,0.66009720375490088529
12727,0.16217414618125394754
12728,0.15520325781006200083
12729,0.06009022345922255398
12730,0.14206692368115458880
12731,0.90909976558764893362
12732,0.20178811226043397165
12733,0.13169803208028987851
12734,0.22590763703539556984
12735,0.05901038485033598818
12736,0.73219872088403814558
12737,0.42379456936603931982
12738,0.77478215100298264417
12739,0.11420077108027797130
12740,0.01760204081632653350
12741,0.25063241875851338669
12742,0.07080965019715161624
12743,0.20178811226043397165
12744,0.58415221475930290129
12745,0.00668222577655051657
12746,0.06009022345922255398
12747,0.34506501684600504598
12748,0.83628282672128928521
12749,0.17452627968790190849
12750,0.13169803208028987851
12751,0.98827441105633817564
12752,0.74423176547162039896
12753,0.26439118125860650022
12754,0.37794715782284105110
12755,0.23300545333378358537
12756,0.28640254975354850764
12757,0.04417497271722332919
12758,0.05004993526416354893
12759,0.65074613563780292491
12760,0.02181091561817350560
12761,0.09500703351261895191
12762,0.25152998263803322265
12763,0.32708164162382341589
12764,0.84255284353407744469
12765,0.02333248795333502448
12766,0.20178811226043397165
12767,0.53860535739229087326
12768,0.37794715782284105110
12769,0.16497986978357820353
12770,0.75686326806097636855
12771,0.38541334184487713310
12772,0.95593375363225363550
12773,0.31441044621875158249
12774,0.02377008106116433248
12775,0.94940071845461304623
12776,0.95956550167279952568
12777,0.01505671774605498413
12778,0.76622919373049880321
12779,0.08231262158637454862
12780,0.22280524722502523249
12781,0.54003942565048934643
12782,0.46090328404013769514
12783,0.26732621893214802977
12784,0.25063241875851338669
12785,0.34414556898450138211
12786,0.01875350354176221271
12787,0.38789249802633507525
12788,0.09118799263699436941
12789,0.18887191423444754657
12790,0.27255706965522691343
12791,0.73145697402960974109
12792,0.06303153899408769911
12793,0.20014579445164096261
12794,0.90022240405325326673
12795,0.20053975503425369720
12796,0.27343274797143585220
12797,0.43857281726283947609
12798,0.31106658556656768821
12799,0.10258255777938379838
12800,0.09706916764361078753
12801,0.99813808833574246826
12802,0.99999894520983811930
12803,0.99998302800152027991
12804,0.99905491038363836154
12805,0.96902128760504002702
12806,0.99780008662585772949
12807,0.99890115824220870877
12808,0.97798342418171324564
12809,0.99905491038363836154
12810,0.99999731751771070432
12811,0.90051532883057827661
12812,0.93990426373984681252
12813,0.99969799086750588124
12814,0.99882546506084635141
12815,0.98061421389062319864
12816,0.99932554181665989024
12817,0.99324824162557134866
12818,0.99995686305038322672
12819,0.99995196135977226781
12820,0.99999599660368976295
12821,0.99255181910092249442
12822,0.99968484520489242495
12823,0.98203479932702231192
12824,0.99998662168711982545
12825,0.99194861443450765837
12826,0.99074484578786592426
12827,0.97913203753419442155
12828,0.99797199799351532512
12829,0.99921609785296894302
12830,0.99049837796368334075
12831,0.99992362787094668519
12832,0.99682399935193044538
12833,0.99999831703968411478
12834,0.99166100834445625178
12835,0.27806245834860615629
12836,0.99999831703968411478
12837,0.99847997717163650133
12838,0.75845741457599635815
12839,0.99866379555477180485
12840,0.99999724766159336919
12841,0.85264400076345991941
12842,0.99451884432788562052
12843,0.99970492497494867212
12844,0.99905491038363836154
12845,0.80919976407361837722
12846,0.99998662168711982545
12847,0.98555511757563274422
12848,0.98203479932702231192
12849,0.99682399935193044538
12850,0.92303741537159900155
12851,0.07164044624465050470
12852,0.99324824162557134866
12853,0.99885505808429420060
12854,0.98737382954001828850
12855,0.99999831703968411478
12856,0.51481554228288883834
12857,0.99702168863351370298
12858,0.99968484520489242495
12859,0.99682399935193044538
12860,0.99863147105456828712
12861,0.99966904753979768383
12862,0.99999669719573025528
12863,0.99999768224033458441
12864,0.99682399935193044538
12865,0.99903093986849222929
12866,0.99489864796337457165
12867,0.99780008662585772949
12868,0.99947182868381334586
12869,0.99398279834139835476
12870,0.92358881015085958488
12871,0.99888853368221697249
12872,0.99842647005385021242
12873,0.99682399935193044538
12874,0.93990426373984681252
12875,0.99884227620110122015
12876,0.99921609785296894302
12877,0.99299543373584686634
12878,0.99905491038363836154
12879,0.99905491038363836154
12880,0.99990260052445267824
12881,0.99918038907460837716
12882,0.99905491038363836154
12883,0.81515311938441914474
12884,0.99489864796337457165
12885,0.98566607610268197615
12886,0.99064839794171777321
12887,0.99888202036971995845
12888,0.99999759795836740128
12889,0.99884227620110122015
12890,0.99812749470661099593
12891,0.96872058748838341113
12892,0.99808333253851366784
12893,0.99553614834294723579
12894,0.99999583899031763146
12895,0.97057931099719496615
12896,0.98566607610268197615
12897,0.98153279660773096182
12898,0.99956766613137015831
12899,0.99994715774959652688
12900,0.93990426373984692354
12901,0.99990260052445267824
12902,0.99663899747137141283
12903,0.99990260052445267824
12904,0.92872745706145098943
12905,0.55734030306282533740
12906,0.99979993143306267189
12907,0.99914191780311423230
12908,0.99682399935193044538
12909,0.98708785588250724796
12910,0.95756881479373467947
12911,0.99982388088055973441
12912,0.99863147105456828712
12913,0.99241752578071495972
12914,0.99910403008716530682
12915,0.99932554181665989024
12916,0.99863147105456828712
12917,0.99681328033573768366
12918,0.93990426373984681252
12919,0.99767009375811233074
12920,0.99992688486008851623
12921,0.85302203960561595597
12922,0.99977019497415897664
12923,0.99820966426128654447
12924,0.99434852623211655853
12925,0.99999599660368976295
12926,0.99989752211481441879
12927,0.99999831703968411478
12928,0.99989064934974869470
12929,0.99682399935193044538
12930,0.99999147667863885758
12931,0.96902128760504002702
12932,0.69576156445310499699
12933,0.99999831703968411478
12934,0.99424184956804417812
12935,0.99999486943963789010
12936,0.99449117447538903924
12937,0.99895945322635182340
12938,0.99999731751771070432
12939,0.99999894520983811930
12940,0.60189070570391312032
12941,0.99810164956900826461
12942,0.99525283464691760571
12943,0.98238054526838891611
12944,0.99999831703968411478
12945,0.99999072027477220459
12946,0.97976612888695380210
12947,0.99842647005385021242
12948,0.99921609785296894302
12949,0.99937354811704859348
12950,0.99905491038363836154
12951,0.99553614834294712477
12952,0.95431967744331380743
12953,0.99714289280070111943
12954,0.99111797278576019288
12955,0.99938191785159413705
12956,0.97207036637165888937
12957,0.99034574020726484633
12958,0.99489864796337457165
12959,0.99946388198041935524
12960,0.99682399935193044538
12961,0.98365896909018712968
12962,0.99904253024761813240
12963,0.93990426373984692354
12964,0.98307612300460223143
12965,0.99905491038363836154
12966,0.99286437572204200297
12967,0.30881579884010462722
12968,0.91803414573824715372
12969,0.99754687315959633676
12970,0.97311612400905067588
12971,0.99973584458224928895
12972,0.99999486943963789010
12973,0.99503556300146900337
12974,0.99955895029784302963
12975,0.98239233731070585431
12976,0.99456378904266262708
12977,0.99913349748345647861
12978,0.85176017156218652993
12979,0.99791480035892354827
12980,0.99990204298057872023
12981,0.98945600289922797099
12982,0.99989752211481441879
12983,0.99364263217373838266
12984,0.98727148987379875766
12985,0.99932554181665989024
12986,0.99999669719573025528
12987,0.99055123107880116429
12988,0.98286118486416573781
12989,0.99908545484959487837
12990,0.66827165040238467597
12991,0.93990426373984681252
12992,0.99990260052445267824
12993,0.96902128760504013805
12994,0.93990426373984681252
12995,0.99999355552411028913
12996,0.99682399935193044538
12997,0.98566607610268197615
12998,0.99780008662585772949
12999,0.99780008662585772949
13000,0.93990426373984681252
13001,0.99989935986797762180
13002,0.99668735165143373944
13003,0.99653671711138236411
13004,0.47818287410466536747
13005,0.99992198117843544836
13006,0.24842109313784058178
13007,0.75908456279422320545
13008,0.99999724766159336919
13009,0.99286437572204200297
13010,0.91353746323511120231
13011,0.98238054526838891611
13012,0.96902128760504002702
13013,0.99984982772926755956
13014,0.99663899747137141283
13015,0.98106208282546070176
13016,0.99780008662585772949
13017,0.60356030361848433952
13018,0.99927688260411817733
13019,0.96902128760504013805
13020,0.99921609785296894302
13021,0.99982388088055973441
13022,0.99846169181543409366
13023,0.99999768224033458441
13024,0.97976612888695380210
13025,0.16708356730295126358
13026,0.99863147105456828712
13027,0.99900457697119315892
13028,0.99996891564694101451
13029,0.59314490936018360312
13030,0.99294587571080072941
13031,0.82058890711736709456
13032,0.99989064934974869470
13033,0.98727148987379875766
13034,0.20115949633250312933
13035,0.99989064934974869470
13036,0.99995686305038322672
13037,0.99294587571080072941
13038,0.97537183309245811813
13039,0.99932554181665989024
13040,0.93000881099972831922
13041,0.99918038907460837716
13042,0.99965096766060690392
13043,0.99826535477212330338
13044,0.99996201584918076311
13045,0.85176017156218652993
13046,0.98323566251427230167
13047,0.98323566251427230167
13048,0.99973608962758175878
13049,0.99996891564694079246
13050,0.99999831703968411478
13051,0.99780008662585772949
13052,0.99685238628168226782
13053,0.94120507180215384757
13054,0.99842724832037632599
13055,0.99756308162445739285
13056,0.99942476495177134943
13057,0.71529976958377983198
13058,0.10277491151571634120
13059,0.99872202679817478899
13060,0.69576156445310499699
13061,0.99833661455073607893
13062,0.97632413675588025637
13063,0.99937354811704859348
13064,0.99999669719573025528
13065,0.99981852094213263804
13066,0.96902128760504013805
13067,0.99934789746396213150
13068,0.99966562904135114476
13069,0.99166211205911036775
13070,0.99997886242966460557
13071,0.99286437572204200297
13072,0.99098607311017616883
13073,0.99780008662585761847
13074,0.99942476495177134943
13075,0.99682399935193044538
13076,0.72658938977764975231
13077,0.99973584458224928895
13078,0.99996201584918076311
13079,0.99962499023474860049
13080,0.99999894520983811930
13081,0.99927390937921756198
13082,0.99947182868381345688
13083,0.77065990267470063646
13084,0.99938191785159413705
13085,0.99944864532368760113
13086,0.99937354811704859348
13087,0.99999486943963789010
13088,0.95966362779643232805
13089,0.49126481605389110685
13090,0.99678699653982261175
13091,0.67018180876723776329
13092,0.96902128760504013805
13093,0.75998872583697119065
13094,0.99914191780311423230
13095,0.99999873273439110477
13096,0.57887117101165486144
13097,0.99756308162445739285
13098,0.99995686305038322672
13099,0.99286437572204200297
13100,0.98195274004076515961
13101,0.99905491038363836154
13102,0.99679427859012526003
13103,0.99999072027477220459
13104,0.66827165040238467597
13105,0.99795169606958311626
13106,0.99921609785296894302
13107,0.99932554181665989024
13108,0.14288890220183456115
13109,0.50074967105329837302
13110,0.99921609785296894302
13111,0.99999894520983811930
13112,0.98492336348227060849
13113,0.99575554907272822991
13114,0.99846169181543409366
13115,0.25556870424489475102
13116,0.93990426373984670150
13117,0.99526678003055157884
13118,0.99968484520489242495
13119,0.99470006017453693747
13120,0.87587088091058518113
13121,0.88984019986948614811
13122,0.99996186585633217714
13123,0.99842724832037632599
13124,0.75135339046338145419
13125,0.96902128760504013805
13126,0.99997702442230040898
13127,0.76231960732445691598
13128,0.70340451766781486587
13129,0.99032348634977007684
13130,0.99999759795836740128
13131,0.97578123372165315175
13132,0.16950616610810315121
13133,0.99869684031390670853
13134,0.86248839039501268289
13135,0.99864146204606851764
13136,0.99921609785296894302
13137,0.88951563572883773912
13138,0.99780008662585772949
13139,0.99329133060131558075
13140,0.99976108043998723751
13141,0.99992688486008851623
13142,0.99984459755704180317
13143,0.95920685993276433301
13144,0.99286437572204200297
13145,0.97501941304714023762
13146,0.99999873273439110477
13147,0.99999831703968411478
13148,0.99999873273439110477
13149,0.99999894520983811930
13150,0.99966562904135114476
13151,0.99076182662766776321
13152,0.99982388088055973441
13153,0.99837968475725624717
13154,0.99866379555477180485
13155,0.99845597748676961913
13156,0.99791480035892354827
13157,0.99918038907460837716
13158,0.30881579884010462722
13159,0.99913192448453658212
13160,0.98779817518768142648
13161,0.99905491038363836154
13162,0.99663899747137141283
13163,0.99947182868381345688
13164,0.99663899747137141283
13165,0.99905491038363836154
13166,0.96217915152018296254
13167,0.99992688486008851623
13168,0.99682399935193044538
13169,0.99842724832037632599
13170,0.22748779677718738990
13171,0.99955895029784302963
13172,0.53630346680916052282
13173,0.99905491038363836154
13174,0.11290503446998137460
13175,0.99905491038363836154
13176,0.99560251430175950027
13177,0.07164044624465050470
13178,0.99843699929858997777
13179,0.99995213540448557588
13180,0.99902323804082115988
13181,0.99756439453423562114
13182,0.99806889571430301711
13183,0.99969107392660727651
13184,0.99921609785296894302
13185,0.99999873273439110477
13186,0.97913203753419442155
13187,0.99701966430315180911
13188,0.96902128760504002702
13189,0.99875073935914004952
13190,0.99992688486008851623
13191,0.99701966430315192014
13192,0.99938191785159413705
13193,0.99994715774959652688
13194,0.97511811181978946816
13195,0.99765207048708659521
13196,0.99999583899031763146
13197,0.99938191785159413705
13198,0.99998983759503423663
13199,0.99835749133538398414
13200,0.99842724832037632599
13201,0.99999669719573025528
13202,0.99286437572204200297
13203,0.99877688903661088204
13204,0.99998662168711982545
13205,0.99997707269428459664
13206,0.72709587570648304133
13207,0.99510575252902744303
13208,0.99947182868381334586
13209,0.99756439453423562114
13210,0.99286437572204200297
13211,0.98727148987379875766
13212,0.94557585601125537789
13213,0.99756439453423562114
13214,0.99663899747137141283
13215,0.99976108043998723751
13216,0.89573628368560231916
13217,0.98117561808934883327
13218,0.99780008662585772949
13219,0.99971080191946115612
13220,0.99780008662585772949
13221,0.95849379054459538096
13222,0.99992198117843544836
13223,0.97180005389709078756
13224,0.99756439453423562114
13225,0.99496454099871256549
13226,0.99998825679504799169
13227,0.99896640263425839912
13228,0.99999599660368976295
13229,0.91947425068912780333
13230,0.99846169181543409366
13231,0.99955895029784302963
13232,0.99905491038363836154
13233,0.99999759795836740128
13234,0.99955895029784302963
13235,0.90161161982027138162
13236,0.96304685626908759222
13237,0.99780008662585772949
13238,0.99947182868381334586
13239,0.93990426373984692354
13240,0.98426694897105959647
13241,0.97405042560386856376
13242,0.99111948352366141535
13243,0.99932554181665989024
13244,0.96902128760504002702
13245,0.99955895029784302963
13246,0.98678733966173792780
13247,0.99842724832037632599
13248,0.99568831346653186021
13249,0.98340503793272959765
13250,0.99960479046080763510
13251,0.99999731751771070432
13252,0.99780008662585772949
13253,0.98649904303703650488
13254,0.99999355552411028913
13255,0.82058890711736709456
13256,0.99756439453423562114
13257,0.99823591081395435243
13258,0.99914191780311423230
13259,0.99682399935193044538
13260,0.77065990267470063646
13261,0.99661553092120747088
13262,0.99462074472296135852
13263,0.97976612888695380210
13264,0.96902128760504013805
13265,0.99999831703968411478
13266,0.91157701829124282433
13267,0.99324824162557134866
13268,0.92333554091957481536
13269,0.99756439453423562114
13270,0.99989752211481441879
13271,0.99999759795836740128
13272,0.99918038907460837716
13273,0.98829815702119128140
13274,0.99997707269428459664
13275,0.99842724832037632599
13276,0.73327220312819529902
13277,0.99682399935193044538
13278,0.00723663717629968641
13279,0.99734298908829466246
13280,0.99994128673316740041
13281,0.99963122119505576357
13282,0.99553614834294723579
13283,0.74141843934942586181
13284,0.99991193268511080472
13285,0.99710214260893137439
13286,0.99992688486008851623
13287,0.97913203753419431052
13288,0.99942476495177134943
13289,0.95431967744331380743
13290,0.99932554181665989024
13291,0.99999768224033458441
13292,0.99968484520489242495
13293,0.99998662168711982545
13294,0.99863147105456828712
13295,0.99294587571080061839
13296,0.99866379555477180485
13297,0.99996891564694079246
13298,0.99999873273439110477
13299,0.99842724832037632599
13300,0.99995213540448557588
13301,0.99606176617120156802
13302,0.99999831703968411478
13303,0.98936312664569259212
13304,0.99480766059778347188
13305,0.99074484578786592426
13306,0.99910403008716530682
13307,0.99905491038363836154
13308,0.98566607610268197615
13309,0.94003340279864167073
13310,0.99997218759310169123
13311,0.99734298908829466246
13312,0.69702446837787279676
13313,0.99955895029784302963
13314,0.99969107392660727651
13315,0.99842161161898068666
13316,0.96968061958886675455
13317,0.99986790484429921566
13318,0.87448161845175420570
13319,0.99258113494892219464
13320,0.99682399935193044538
13321,0.99845597748676950811
13322,0.99968281527222280225
13323,0.99999873273439110477
13324,0.99513839631977440980
13325,0.98366398654136155688
13326,0.99914191780311423230
13327,0.99599561032522010429
13328,0.01411631674314338218
13329,0.99094865429034950655
13330,0.99538915272621097952
13331,0.99938191785159413705
13332,0.96503166181863830886
13333,0.94894090271178022089
13334,0.99939943481453752394
13335,0.97976612888695380210
13336,0.99460211873957982132
13337,0.99973122352198029450
13338,0.99495264469520039441
13339,0.99934789746396213150
13340,0.99513231897467058218
13341,0.99749921174401323665
13342,0.99998112712660125467
13343,0.99756439453423562114
13344,0.99682399935193044538
13345,0.97686620278615299284
13346,0.99625302519938763179
13347,0.99918038907460837716
13348,0.90392162981942336675
13349,0.99184640876400953502
13350,0.99424184956804417812
13351,0.99814677586776678897
13352,0.99489864796337457165
13353,0.99682399935193044538
13354,0.97135168493867962702
13355,0.99992688486008851623
13356,0.99842647005385021242
13357,0.99991193268511080472
13358,0.99992833025121030666
13359,0.99756439453423562114
13360,0.99884227620110122015
13361,0.99963477260416855330
13362,0.97682774355907475705
13363,0.99859617621635798912
13364,0.99850862342485413592
13365,0.99780008662585772949
13366,0.96113970424554617811
13367,0.99982388088055973441
13368,0.99842724832037632599
13369,0.62634124289347070658
13370,0.99973122352198029450
13371,0.99756439453423562114
13372,0.70206228216348576243
13373,0.93990426373984681252
13374,0.99286437572204200297
13375,0.99905491038363836154
13376,0.99995213540448557588
13377,0.99866559245423613955
13378,0.99997798171695939651
13379,0.77459331690619792621
13380,0.99286437572204200297
13381,0.99535225382411696149
13382,0.99682399935193044538
13383,0.99971572339012493291
13384,0.99716495652302417074
13385,0.99990260052445267824
13386,0.99984459755704180317
13387,0.99756439453423562114
13388,0.99842647005385021242
13389,0.99999599660368976295
13390,0.96748655747038658781
13391,0.85176017156218652993
13392,0.99780008662585772949
13393,0.99682399935193044538
13394,0.99601977138786879085
13395,0.99682399935193044538
13396,0.99999355552411028913
13397,0.99921609785296894302
13398,0.99286437572204200297
13399,0.99905491038363836154
13400,0.99999669719573025528
13401,0.99670646781883387444
13402,0.99331572440428617110
13403,0.99443498812825914523
13404,0.99172921811674397130
13405,0.99722778712690973713
13406,0.97973589951579964641
13407,0.99955895029784302963
13408,0.99682399935193044538
13409,0.99986214785801941218
13410,0.99489864796337457165
13411,0.98736558596476808880
13412,0.99982388088055973441
13413,0.97501941304714023762
13414,0.99324824162557134866
13415,0.99990260052445267824
13416,0.99995761985833420127
13417,0.99999894520983811930
13418,0.99780008662585772949
13419,0.80115447654007498901
13420,0.99973584458224939997
13421,0.89257146359258521251
13422,0.99663899747137141283
13423,0.99023558986981985441
13424,0.99912566478226050304
13425,0.99921609785296894302
13426,0.99895945322635182340
13427,0.99921072107548847274
13428,0.98784100641176186830
13429,0.99999599660368976295
13430,0.80115447654007498901
13431,0.99905491038363836154
13432,0.99999831703968411478
13433,0.99921609785296894302
13434,0.99987456392175155795
13435,0.99164079542403504863
13436,0.99154518769762012287
13437,0.99939943481453752394
13438,0.99979150502485703012
13439,0.99997984581594101527
13440,0.99111948352366141535
13441,0.80115447654007498901
13442,0.98566607610268197615
13443,0.99489864796337457165
13444,0.99489864796337457165
13445,0.99999894520983811930
13446,0.77280416142820307357
13447,0.99842724832037632599
13448,0.99976108043998723751
13449,0.95431967744331380743
13450,0.99846169181543409366
13451,0.99978078944717696519
13452,0.98945600289922797099
13453,0.99999759795836740128
13454,0.99995935161939297764
13455,0.99997245437143067459
13456,0.99074484578786592426
13457,0.99864146204606851764
13458,0.93990426373984692354
13459,0.99564629770530621578
13460,0.99905491038363836154
13461,0.99977357252592169434
13462,0.99932554181665989024
13463,0.99324824162557134866
13464,0.98566607610268197615
13465,0.99868379972075704831
13466,0.99938191785159413705
13467,0.93990426373984681252
13468,0.76288033523057663388
13469,0.99784348769028452519
13470,0.99286437572204200297
13471,0.99921609785296894302
13472,0.97501941304714023762
13473,0.99955895029784302963
13474,0.99575554907272822991
13475,0.96902128760504013805
13476,0.99682399935193044538
13477,0.99808512002008542563
13478,0.99682399935193044538
13479,0.94557585601125537789
13480,0.99951652369620402894
13481,0.99851527405561413264
13482,0.99780008662585772949
13483,0.99756439453423562114
13484,0.95541111002537648655
13485,0.99682399935193044538
13486,0.99990260052445267824
13487,0.95431967744331380743
13488,0.99561982308151242282
13489,0.99842724832037632599
13490,0.99913349748345647861
13491,0.93990426373984692354
13492,0.99989331840697459608
13493,0.95716318045771708878
13494,0.99982388088055973441
13495,0.99999831703968411478
13496,0.99710214260893126337
13497,0.99997598010294463933
13498,0.96902128760504013805
13499,0.99791384364646906757
13500,0.88380139818820646624
13501,0.99551773758001704806
13502,0.98581495740219160506
13503,0.99806375607377828540
13504,0.99625350221485098334
13505,0.99914191780311423230
13506,0.99802643422383674476
13507,0.99990260052445267824
13508,0.99986214785801941218
13509,0.95431967744331380743
13510,0.99992451278038696483
13511,0.99938191785159413705
13512,0.99962648398517073289
13513,0.99286437572204200297
13514,0.33400004081046302806
13515,0.91947425068912780333
13516,0.99999831703968411478
13517,0.99842724832037632599
13518,0.98737382954001839952
13519,0.93074908639993336745
13520,0.99756439453423562114
13521,0.99780008662585772949
13522,0.99616308307963830071
13523,0.99663899747137141283
13524,0.92616780307778301395
13525,0.99938191785159413705
13526,0.99682399935193044538
13527,0.97712997927876443782
13528,0.99921609785296894302
13529,0.96902128760504013805
13530,0.98170059509246332397
13531,0.99921609785296894302
13532,0.99813808833574257928
13533,0.77065990267470063646
13534,0.99241867569879360644
13535,0.99663899747137141283
13536,0.98566607610268197615
13537,0.99989439267412538737
13538,0.96312254027900023878
13539,0.99882508475194731190
13540,0.99780008662585772949
13541,0.61826662971654322565
13542,0.99999873273439110477
13543,0.93990426373984681252
13544,0.99681328033573768366
13545,0.99921609785296894302
13546,0.99998662168711982545
13547,0.98566607610268197615
13548,0.99756439453423562114
13549,0.81515311938441914474
13550,0.98426694897105959647
13551,0.95431967744331380743
13552,0.93218363235957613089
13553,0.99075926341961417787
13554,0.95431967744331380743
13555,0.99999768224033458441
13556,0.99947182868381334586
13557,0.99364680651807524292
13558,0.99744731585827550724
13559,0.99996697293903868964
13560,0.99990260052445267824
13561,0.99849783293046145971
13562,0.97976612888695380210
13563,0.99947182868381334586
13564,0.99840304371455279586
13565,0.99331572440428617110
13566,0.90974877512527763113
13567,0.99966962761476807486
13568,0.67644916374889596522
13569,0.99918038907460837716
13570,0.43817006171005412618
13571,0.99914350708017973801
13572,0.99902323804082115988
13573,0.98566607610268197615
13574,0.99999894520983811930
13575,0.98238054526838891611
13576,0.99322612933334464280
13577,0.99843960279086219067
13578,0.99905491038363836154
13579,0.97798342418171324564
13580,0.99993685582302149761
13581,0.97730875924656979148
13582,0.99995935161939297764
13583,0.88960107195142024139
13584,0.95675978925262328278
13585,0.98467695037470082120
13586,0.99837215711159676967
13587,0.99960405877893476756
13588,0.99863147105456828712
13589,0.98009034779441794871
13590,0.99738640703000913668
13591,0.99489864796337457165
13592,0.99863038683151572616
13593,0.99884227620110122015
13594,0.99868205753339156505
13595,0.99286437572204200297
13596,0.99999731751771070432
13597,0.99947182868381334586
13598,0.99999724766159336919
13599,0.98566607610268197615
13600,0.99842724832037632599
13601,0.00036976416546240020
13602,0.99285731010694555643
13603,0.00005120579547709836
13604,0.99973948911663412797
13605,0.00027215681595919964
13606,0.00039528646752207591
13607,0.00341137426043183105
13608,0.99985788632627359274
13609,0.99985815095387253759
13610,0.99947911392975830047
13611,0.00030797976058634309
13612,0.99976553409687873852
13613,0.00000634792398106833
13614,0.00030797976058634309
13615,0.99951489354466116488
13616,0.93331981746648629006
13617,0.97400022843561862018
13618,0.99964666723100659151
13619,0.99979716823577946538
13620,0.00093268879870752025
13621,0.00012062900710127752
13622,0.00027215681595919964
13623,0.49643446705313809542
13624,0.00007997079576298958
13625,0.99879054781171205946
13626,0.49643446705313803990
13627,0.00027215681595919964
13628,0.11007046561353407699
13629,0.00001765338391958664
13630,0.00001765338391958664
13631,0.00001765338391958664
13632,0.98530212408924511269
13633,0.99941535667532599430
13634,0.00307128456449962681
13635,0.99997717610339720284
13636,0.99989248934582797279
13637,0.00007571735211479343
13638,0.00027215681595919964
13639,0.99985032279527674692
13640,0.99993397144878848337
13641,0.99423703531836227221
13642,0.99426959179871210459
13643,0.99996765333733717007
13644,0.99996482310391643367
13645,0.00118492263480103263
13646,0.99990654762545949641
13647,0.99860475306143048346
13648,0.00175733286656025293
13649,0.99290627176228829498
13650,0.74731628140277506223
13651,0.79770825335621120544
13652,0.49643446705313809542
13653,0.99810993027995287274
13654,0.49643446705313809542
13655,0.00007117463433719682
13656,0.99955993134704468339
13657,0.00001765338391958664
13658,0.00006289415941583674
13659,0.00052188789985264201
13660,0.00027215681595919964
13661,0.00001765338391958664
13662,0.00058173837376387103
13663,0.00063702409560001004
13664,0.03793754197791178451
13665,0.00008545717392318082
13666,0.00020173417963650024
13667,0.00030797976058634309
13668,0.99807708636087844045
13669,0.00059210044270980862
13670,0.99545157295840869249
13671,0.99961401863698529091
13672,0.99994196229095577699
13673,0.00001765338391958664
13674,0.99077970799127201840
13675,0.99961880530223190533
13676,0.99916030421805335227
13677,0.00017641482955629053
13678,0.99795908400486132983
13679,0.99946445630585289965
13680,0.00000157439342343001
13681,0.99595893817387959324
13682,0.03522634634942644477
13683,0.99990349967366487505
13684,0.99969607500564727776
13685,0.00000157439342343001
13686,0.00041852888097614397
13687,0.99347735773936229897
13688,0.99693558746978871987
13689,0.00001765338391958664
13690,0.00027215681595919964
13691,0.00706766264161028720
13692,0.99992099416565094483
13693,0.00037588698877761385
13694,0.98245239630348968340
13695,0.00001765338391958664
13696,0.00008687264493505232
13697,0.00001765338391958664
13698,0.92205807964902364304
13699,0.99995786200141156819
13700,0.00030938121245349166
13701,0.00007640156348123974
13702,0.00018118754238440613
13703,0.00026355903878852595
13704,0.97746575840341320962
13705,0.00007640156348123974
13706,0.99382793565459071061
13707,0.99998152779303428606
13708,0.00007117463433719679
13709,0.00001765338391958664
13710,0.00706766264161028720
13711,0.00041852888097614397
13712,0.00017641482955629053
13713,0.01667780176074781795
13714,0.99948220667249576543
13715,0.00027215681595919964
13716,0.99949001647020352390
13717,0.00050816806625414988
13718,0.00069967974489582680
13719,0.99992907044629153468
13720,0.00007640156348123974
13721,0.99593464461166436585
13722,0.99488592720158575133
13723,0.00354636357146896272
13724,0.00706766264161028720
13725,0.99188601589925162738
13726,0.00007640156348123974
13727,0.00034603150315662743
13728,0.99605327675685184641
13729,0.00009713070460950608
13730,0.98251528610133442854
13731,0.00037588698877761385
13732,0.99801937268871765419
13733,0.99644051085682061597
13734,0.99863846307574533068
13735,0.00037588698877761385
13736,0.00008545717392318082
13737,0.99997942246850080039
13738,0.00027215681595919964
13739,0.99947019902011080550
13740,0.99781629020793760620
13741,0.99886949197302898895
13742,0.00045413218425625066
13743,0.00027215681595919964
13744,0.99795908400486132983
13745,0.96503922861608804062
13746,0.00037448970769005482
13747,0.99960928456776221296
13748,0.99919559634294408124
13749,0.99977523568849646640
13750,0.00000157439342343001
13751,0.00001765338391958664
13752,0.00076959387246097386
13753,0.99533147950617595345
13754,0.00007997079576298958
13755,0.99795908400486132983
13756,0.00032763160250233312
13757,0.00027215681595919964
13758,0.99972140605202519659
13759,0.00706766264161028720
13760,0.99984476421926804512
13761,0.00976214946069785088
13762,0.73919529806862005472
13763,0.00027215681595919964
13764,0.98795496977648145087
13765,0.99069512930253322835
13766,0.99533147950617595345
13767,0.99999242546198052750
13768,0.00006289415941583674
13769,0.00027215681595919964
13770,0.99994604734900005560
13771,0.00096180729032693639
13772,0.96551000929536079376
13773,0.00027369315049948200
13774,0.99991843416995385141
13775,0.99995696437831727010
13776,0.97017834731336760612
13777,0.99991843416995385141
13778,0.00142157027160288280
13779,0.95944871740545478733
13780,0.99997367635299261313
13781,0.00037588698877761385
13782,0.00027215681595919964
13783,0.00025414860823046772
13784,0.00012062900710127752
13785,0.00027215681595919964
13786,0.00000157439342343001
13787,0.99882876893938687957
13788,0.00027215681595919964
13789,0.00109905732018177895
13790,0.99649451827631507772
13791,0.00037588698877761385
13792,0.99971200196951492956
13793,0.99997942246850080039
13794,0.99989513459525369843
13795,0.99592648171834008419
13796,0.99985537000229407489
13797,0.99779971158293234712
13798,0.00000157439342343001
13799,0.99949356095573449466
13800,0.99968731193747562003
13801,0.00001765338391958664
13802,0.00003655762006333214
13803,0.00011861876213064791
13804,0.00001765338391958664
13805,0.00006289415941583674
13806,0.00017641482955629053
13807,0.00041852888097614413
13808,0.99998748659194169885
13809,0.00045619866385315447
13810,0.99937731392152129306
13811,0.00007792790544676824
13812,0.00057018330060147171
13813,0.00027215681595919964
13814,0.00030797976058634315
13815,0.99237402238650262998
13816,0.99998943582235122474
13817,0.99994866320010999949
13818,0.98381704087342225495
13819,0.00045413218425625066
13820,0.00000157439342343001
13821,0.99280665789208055738
13822,0.00027215681595919964
13823,0.00019497485554664662
13824,0.00088895531191837923
13825,0.99953682287072209700
13826,0.00706766264161028720
13827,0.00008687264493505232
13828,0.00027215681595919964
13829,0.99717851450058014873
13830,0.00706766264161028720
13831,0.99897643807927938298
13832,0.00006289415941583674
13833,0.00036976416546240020
13834,0.98806831561195240798
13835,0.00764300066628981287
13836,0.99995885767692294088
13837,0.99995696437831727010
13838,0.99797860595853260524
13839,0.00001765338391958664
13840,0.99995752219327727062
13841,0.98659684533984759458
13842,0.99906279561493227526
13843,0.99439622060444288199
13844,0.00236704050972460145
13845,0.00007117463433719679
13846,0.00000157439342343001
13847,0.93497901221999624166
13848,0.99998666462256424747
13849,0.99904993669758668240
13850,0.99967098286076261360
13851,0.99992709239422339351
13852,0.00008549383195315162
13853,0.00001765338391958664
13854,0.99337078862281047442
13855,0.00027215681595919964
13856,0.00010544028936019841
13857,0.00027215681595919964
13858,0.00019768230433092325
13859,0.99998936163649965181
13860,0.00001765338391958664
13861,0.99989720334866449836
13862,0.99962389352471225923
13863,0.00005120579547709836
13864,0.00001765338391958664
13865,0.00057018330060147171
13866,0.00017641482955629053
13867,0.99860109521879614203
13868,0.99934260847484568391
13869,0.98820703295815592870
13870,0.99411442926816928622
13871,0.69699638473328140442
13872,0.00001765338391958664
13873,0.00003655762006333214
13874,0.99995958065086665290
13875,0.00030194276512897399
13876,0.00008545717392318082
13877,0.99920129677682523184
13878,0.00005120579547709836
13879,0.00007792790544676824
13880,0.00007640156348123974
13881,0.99653423195147394775
13882,0.99992030300550804878
13883,0.00008687264493505232
13884,0.00612376131539460293
13885,0.99995885767692294088
13886,0.00001765338391958664
13887,0.99877197708663356668
13888,0.81344818727525025626
13889,0.99411442926816928622
13890,0.00706766264161028720
13891,0.00001765338391958664
13892,0.99957378012216635543
13893,0.99991066668962047537
13894,0.99995060156858261990
13895,0.00000157439342343001
13896,0.99988154809774654197
13897,0.99766027823357994464
13898,0.99933918236215080189
13899,0.99986201025924448249
13900,0.98610732870880324352
13901,0.00001765338391958664
13902,0.99933274377752423501
13903,0.93665908114880747082
13904,0.99991640551336491427
13905,0.99991731407395789688
13906,0.00059210044270980862
13907,0.99743640840376857071
13908,0.00000157439342343001
13909,0.00037588698877761385
13910,0.98245239630348968340
13911,0.99974176149262383717
13912,0.00020000845701750986
13913,0.99968740322693305789
13914,0.99621054744975945372
13915,0.99994845960374190152
13916,0.00047430626365699421
13917,0.99533147950617595345
13918,0.00001765338391958664
13919,0.02442562841416434302
13920,0.99994175177411082078
13921,0.94038187188858413101
13922,0.99983180863033305208
13923,0.99995885767692294088
13924,0.99936918189985768368
13925,0.99996817338889121274
13926,0.99989093241318782734
13927,0.00036976416546240020
13928,0.00027215681595919964
13929,0.00030194276512897399
13930,0.00008687264493505232
13931,0.99999236437746286121
13932,0.00706766264161028720
13933,0.99998164910082387724
13934,0.97746575840341309860
13935,0.99967076928360887322
13936,0.00236704050972460145
13937,0.99971200196951492956
13938,0.99996934461425546203
13939,0.00014985090004476231
13940,0.00000157439342343001
13941,0.00001765338391958664
13942,0.99995076142618477544
13943,0.00236704050972460145
13944,0.99904034930795526659
13945,0.79770825335621120544
13946,0.07523485421950795726
13947,0.79770825335621120544
13948,0.00076959387246097386
13949,0.00433680469100508094
13950,0.99959878975720728445
13951,0.00020173417963650024
13952,0.00005120579547709836
13953,0.99966772261291070301
13954,0.00001765338391958664
13955,0.99982169766123729637
13956,0.99968989296487176244
13957,0.00017641482955629053
13958,0.00000157439342343001
13959,0.00001765338391958664
13960,0.00027215681595919964
13961,0.00001765338391958664
13962,0.98834256192628211490
13963,0.00438178179266311956
13964,0.99883081929824057976
13965,0.00064666973425754626
13966,0.99837890296548514879
13967,0.00006289415941583674
13968,0.00101581992526121731
13969,0.00030797976058634315
13970,0.00118350013446605275
13971,0.94038187188858413101
13972,0.98591247658720915226
13973,0.01016477110427885418
13974,0.11007046561353407699
13975,0.00050816806625414988
13976,0.00177633154447456930
13977,0.00170860146975354197
13978,0.98682889130920414811
13979,0.99946445630585289965
13980,0.00236704050972460145
13981,0.00027215681595919964
13982,0.99987743320374111722
13983,0.00004621844851365585
13984,0.00027215681595919964
13985,0.97556593778923039739
13986,0.00706766264161028720
13987,0.00039528646752207591
13988,0.00010544028936019841
13989,0.00022472748786652935
13990,0.00084332831033941298
13991,0.95172994342753081121
13992,0.00109905732018177895
13993,0.99992671759249429631
13994,0.00010544028936019841
13995,0.00030797976058634309
13996,0.00052188789985264201
13997,0.99978509290690453781
13998,0.99684012717677816795
13999,0.99998748659194169885
14000,0.97126452406224617064
14001,0.00236704050972460145
14002,0.00764300066628981287
14003,0.00001765338391958664
14004,0.99981398229830253932
14005,0.99998579783534136123
14006,0.00020369025469817452
14007,0.99997078528421412535
14008,0.97464998938636915327
14009,0.99715038004719969145
14010,0.99660943564092319136
14011,0.98591441342898611389
14012,0.99992183248054744560
14013,0.00000157439342343001
14014,0.00074869903529723337
14015,0.83328596197239779286
14016,0.99998748659194169885
14017,0.99996261695406318815
14018,0.96195384801404282271
14019,0.00139838107088071273
14020,0.00017641482955629053
14021,0.99997728662823115453
14022,0.00027905818528743454
14023,0.95944871740545489835
14024,0.99997367635299261313
14025,0.00109905732018177895
14026,0.99824811847765304584
14027,0.00027215681595919964
14028,0.02988672977833220501
14029,0.99595893817387959324
14030,0.49643446705313803990
14031,0.99992907044629153468
14032,0.00037588698877761385
14033,0.00037588698877761385
14034,0.00120667801742429148
14035,0.00006289415941583674
14036,0.99996806057786258304
14037,0.00027215681595919964
14038,0.00089217329093914822
14039,0.00026355903878852595
14040,0.00027215681595919964
14041,0.99979744596782216259
14042,0.92205807964902375407
14043,0.99996910346554657156
14044,0.00006289415941583674
14045,0.99835778579045508785
14046,0.00061576987651354128
14047,0.00175733286656025293
14048,0.97673925186795473863
14049,0.00012062900710127752
14050,0.99990525306257060922
14051,0.00012062900710127752
14052,0.00020000845701750986
14053,0.00008549383195315162
14054,0.99766027823357994464
14055,0.93665908114880747082
14056,0.00001765338391958664
14057,0.00001765338391958664
14058,0.00008687264493505232
14059,0.00008687264493505232
14060,0.99824725358600219227
14061,0.99969607500564727776
14062,0.99843896802889298137
14063,0.99995348021562857621
14064,0.00027215681595919964
14065,0.99981026962259567092
14066,0.85538753270566092457
14067,0.00001765338391958664
14068,0.00020000845701750986
14069,0.00001765338391958664
14070,0.99988946682154333789
14071,0.00061576987651354128
14072,0.99907195678360583013
14073,0.00385679596654228815
14074,0.99964811765316141656
14075,0.99801937268871765419
14076,0.00005120579547709836
14077,0.99983186438732607471
14078,0.00001765338391958664
14079,0.00007117463433719679
14080,0.00006289415941583674
14081,0.02090745425804928573
14082,0.00027215681595919964
14083,0.00045413218425625066
14084,0.99997598626402051103
14085,0.00118492263480103263
14086,0.00027215681595919964
14087,0.00016957792271575034
14088,0.99962287976604180528
14089,0.83134301965754020536
14090,0.99787351358406306545
14091,0.99974865095665221837
14092,0.99993291689684304924
14093,0.99997367635299261313
14094,0.00354636357146896272
14095,0.99433361356830773925
14096,0.00027215681595919964
14097,0.00006289415941583674
14098,0.99976553409687873852
14099,0.00001765338391958664
14100,0.00004076563507483254
14101,0.99766027823357994464
14102,0.00007117463433719679
14103,0.00027215681595919964
14104,0.00017641482955629053
14105,0.99890221991631777954
14106,0.00706766264161028720
14107,0.99864934065935884178
14108,0.99996335745362008307
14109,0.00000157439342343001
14110,0.00706766264161028720
14111,0.99819190981457084355
14112,0.00008732942876535870
14113,0.00007571735211479343
14114,0.97061036530154753965
14115,0.00101581992526121731
14116,0.93169347486909037670
14117,0.99990525306257060922
14118,0.99996482310391643367
14119,0.99993688235580857615
14120,0.99986420394045227855
14121,0.99952062491472482009
14122,0.00030797976058634309
14123,0.00170860146975354197
14124,0.00251297104067755694
14125,0.99946445630585289965
14126,0.00061576987651354128
14127,0.00027215681595919964
14128,0.99899866714437812742
14129,0.99533147950617595345
14130,0.00706766264161028720
14131,0.00014985090004476231
14132,0.99977234354089827839
14133,0.00027215681595919964
14134,0.00030194276512897399
14135,0.00142157027160288280
14136,0.00008545717392318082
14137,0.99795496937403416204
14138,0.99926164364515324134
14139,0.00354636357146896272
14140,0.99745491941581254647
14141,0.00027215681595919964
14142,0.99865381301478828302
14143,0.99992099416565094483
14144,0.99847007150875122239
14145,0.51158848639435283712
14146,0.00007117463433719679
14147,0.99946640878398174124
14148,0.00027215681595919964
14149,0.99988114328096722172
14150,0.99786456022780878339
14151,0.00030797976058634309
14152,0.00027215681595919964
14153,0.93331981746648629006
14154,0.99991913726680226038
14155,0.87343169155258770786
14156,0.00001765338391958664
14157,0.89870904342199064985
14158,0.00061576987651354128
14159,0.99946445630585289965
14160,0.00030797976058634309
14161,0.00236704050972460145
14162,0.00001765338391958664
14163,0.00011861876213064791
14164,0.00706766264161028720
14165,0.00032343944637919236
14166,0.99968740322693305789
14167,0.99992261493325806931
14168,0.00027215681595919964
14169,0.99961046122469210395
14170,0.00001765338391958664
14171,0.99992705569404261023
14172,0.00354636357146896272
14173,0.00001765338391958664
14174,0.79770825335621109442
14175,0.00010544028936019841
14176,0.01517005658003079717
14177,0.00047430626365699415
14178,0.00047430626365699415
14179,0.98982389574115570152
14180,0.00001765338391958664
14181,0.99906279561493227526
14182,0.00027215681595919964
14183,0.00007792790544676824
14184,0.00007997079576298958
14185,0.99621054744975945372
14186,0.99994873769575154387
14187,0.99860109521879614203
14188,0.99995804078743621979
14189,0.00027215681595919964
14190,0.02988672977833220501
14191,0.00061576987651354128
14192,0.00071593971736971102
14193,0.99864100960974033772
14194,0.00030797976058634309
14195,0.00000157439342343001
14196,0.00017641482955629053
14197,0.00706766264161028720
14198,0.00045413218425625066
14199,0.01517005658003079717
14200,0.99998080798136368408
14201,0.00017641482955629053
14202,0.99962830369102195771
14203,0.99766027823357994464
14204,0.06506111158030340735
14205,0.00036976416546240020
14206,0.99927642845532316240
14207,0.95172994342753081121
14208,0.99998579783534136123
14209,0.99918916633158816332
14210,0.00085311972317970758
14211,0.99998582975425653885
14212,0.00706766264161028720
14213,0.00017641482955629053
14214,0.97464998938636915327
14215,0.00030797976058634309
14216,0.00157927307426396798
14217,0.00027215681595919964
14218,0.00027215681595919964
14219,0.00027215681595919964
14220,0.99981398229830253932
14221,0.00001765338391958664
14222,0.99868437656537334401
14223,0.00096180729032693639
14224,0.00027215681595919964
14225,0.00012062900710127752
14226,0.00037786286058328315
14227,0.00001765338391958664
14228,0.99476012908790845124
14229,0.99857335573371164283
14230,0.00027215681595919964
14231,0.99996910346554657156
14232,0.95172994342753081121
14233,0.00006289415941583674
14234,0.96551000929536079376
14235,0.98571606501515462995
14236,0.99997365003251059701
14237,0.99694481722867045459
14238,0.00030797976058634309
14239,0.99961880530223190533
14240,0.00037588698877761385
14241,0.99795908400486132983
14242,0.99998382735711899283
14243,0.00027215681595919964
14244,0.00001765338391958664
14245,0.66348975245236685438
14246,0.99978357980420851092
14247,0.99382793565459071061
14248,0.00037588698877761385
14249,0.00037588698877761385
14250,0.00027215681595919964
14251,0.99992183248054744560
14252,0.00037588698877761385
14253,0.99975545779804364521
14254,0.99921887433337686080
14255,0.99810993027995287274
14256,0.99991861001385495822
14257,0.00001765338391958664
14258,0.99904993669758668240
14259,0.99810993027995287274
14260,0.99649026245467409169
14261,0.00106119900978033374
14262,0.00007117463433719682
14263,0.98156182345372655629
14264,0.98415411020124543562
14265,0.99835999836936939467
14266,0.00323240861280599300
14267,0.12278362161651175388
14268,0.98156182345372655629
14269,0.00005120579547709836
14270,0.99995752219327727062
14271,0.00001765338391958664
14272,0.99994901979688022298
14273,0.00354636357146896272
14274,0.00027215681595919964
14275,0.00059210044270980862
14276,0.00706766264161028720
14277,0.00037588698877761385
14278,0.99994845960374190152
14279,0.00030797976058634315
14280,0.99853206442807618259
14281,0.00018118754238440613
14282,0.97673925186795473863
14283,0.00017641482955629053
14284,0.97619665160381574598
14285,0.00037588698877761385
14286,0.00089217329093914822
14287,0.66348975245236685438
14288,0.00001765338391958664
14289,0.00027215681595919964
14290,0.00012062900710127752
14291,0.00037588698877761385
14292,0.77530291328389455696
14293,0.99992671759249429631
14294,0.00139838107088071273
14295,0.00007117463433719679
14296,0.79770825335621131646
14297,0.99992999866462739522
14298,0.99998108738267188489
14299,0.99882876893938687957
14300,0.99799933761773240715
14301,0.99994609005809975688
14302,0.00123078187462413030
14303,0.97259538078423168894
14304,0.99997118365522208450
14305,0.79770825335621131646
14306,0.99989323899140836183
14307,0.99999039436720793539
14308,0.00008545717392318082
14309,0.97017834731336749510
14310,0.00036976416546240020
14311,0.00354636357146896272
14312,0.99797537827615945272
14313,0.99882876893938687957
14314,0.99966933831903326269
14315,0.99999144003473816600
14316,0.99998582975425653885
14317,0.00027215681595919964
14318,0.00000157439342343001
14319,0.01060203214229243213
14320,0.99993397144878848337
14321,0.99981067096743081457
14322,0.00706766264161028720
14323,0.00001765338391958664
14324,0.90301337701070372166
14325,0.98665561999705253537
14326,0.98086623173261255904
14327,0.99863846307574533068
14328,0.00706766264161028720
14329,0.99862796032318723594
14330,0.99941535667532599430
14331,0.99993397144878848337
14332,0.99994214875467946069
14333,0.99015317358189414154
14334,0.99667437116314450130
14335,0.00017641482955629053
14336,0.99468959013234592437
14337,0.99295650423823311748
14338,0.00008549383195315162
14339,0.98647772900137364882
14340,0.00027215681595919964
14341,0.99994546323249711151
14342,0.00001765338391958664
14343,0.00030797976058634309
14344,0.00013686530479797314
14345,0.99941602983420896322
14346,0.00061576987651354128
14347,0.99996765333733717007
14348,0.99960546133835836979
14349,0.99981067096743081457
14350,0.01016477110427885418
14351,0.99639034620873456749
14352,0.00019768230433092325
14353,0.99949356095573449466
14354,0.99663017886897731223
14355,0.00037588698877761385
14356,0.00030194276512897399
14357,0.00027215681595919964
14358,0.98716227647943388668
14359,0.00017641482955629053
14360,0.99994566199386203387
14361,0.00109905732018177895
14362,0.00017641482955629053
14363,0.00007997079576298958
14364,0.98954418171999136700
14365,0.00001765338391958664
14366,0.00001765338391958664
14367,0.99909189657838370913
14368,0.99904216165483961110
14369,0.00383616022070633333
14370,0.99934196878746395232
14371,0.49643446705313803990
14372,0.99969607500564727776
14373,0.00061576987651354128
14374,0.00061576987651354128
14375,0.99946445630585289965
14376,0.99973745029246940952
14377,0.99991150938212258747
14378,0.00030797976058634309
14379,0.00032763160250233312
14380,0.00020000845701750986
14381,0.00011861876213064791
14382,0.99998108738267188489
14383,0.00047430626365699415
14384,0.97017834731336749510
14385,0.99943615538239360951
14386,0.00001765338391958664
14387,0.00000157439342343001
14388,0.00001765338391958664
14389,0.00020173417963650024
14390,0.00001765338391958664
14391,0.00054723652611006457
14392,0.99998579783534136123
14393,0.00027215681595919964
14394,0.99979302966875771563
14395,0.99625868958303376299
14396,0.00001765338391958664
14397,0.08460316544679671869
14398,0.00001765338391958664
14399,0.00036976416546240020
14400,0.00007792790544676824
14401,0.34774989285204055411
14402,0.99726135688303285676
14403,0.05970467368389722335
14404,0.98251693385844796058
14405,0.99503571342265317856
14406,0.99999659644236560396
14407,0.99996751737611699884
14408,0.99992807443676456902
14409,0.99572893784270566364
14410,0.99981768681773575125
14411,0.99835308625402630067
14412,0.99998697833774996546
14413,0.07214246035867998008
14414,0.99951684438086607631
14415,0.99986661594944747922
14416,0.99959628064130623404
14417,0.99998696426944433391
14418,0.99946208866362007406
14419,0.99453767312995089434
14420,0.99999550453879615386
14421,0.99981072306123164317
14422,0.99995979087764064186
14423,0.99928048600049002026
14424,0.99992128421521853099
14425,0.99889465680524658353
14426,0.99998568711732627179
14427,0.00032967467032120334
14428,0.99856407559065263335
14429,0.99880371255596978042
14430,0.99967413518698156061
14431,0.99968925305210309951
14432,0.99999722999655238365
14433,0.99982807962313147154
14434,0.99969302385355218732
14435,0.99998684339749599470
14436,0.99990849637475864853
14437,0.98435353431733285667
14438,0.99987861474070804935
14439,0.99993291828569430546
14440,0.99796099617289679706
14441,0.99992649510637165999
14442,0.99851361743946964733
14443,0.99996887879051965520
14444,0.99988641581418802318
14445,0.99996725327788471560
14446,0.99999634980492113634
14447,0.99996751737611699884
14448,0.99948823150176679952
14449,0.99906802955989648662
14450,0.99987850623517804394
14451,0.85432713272284444006
14452,0.99191105192704731586
14453,0.00597740463099198302
14454,0.99999780737293164634
14455,0.84206059459920712396
14456,0.99973848522029218344
14457,0.99989315373367426698
14458,0.11157501658660833044
14459,0.99919703187935660083
14460,0.98428799972835590015
14461,0.99997127886835712740
14462,0.98756837051313262066
14463,0.99998697833774996546
14464,0.99997305782667034180
14465,0.84206059459920712396
14466,0.99998370803556346775
14467,0.99969302385355218732
14468,0.99965192872635966204
14469,0.99979694841403432548
14470,0.99863478914027914435
14471,0.99948863317104286175
14472,0.99954809115203135939
14473,0.99999932108462041835
14474,0.99931116875346481798
14475,0.99999381265850950662
14476,0.16395138923482455162
14477,0.99996217868539838403
14478,0.99993457152589282355
14479,0.95998709920930080930
14480,0.99987229639044050700
14481,0.99999434122770769484
14482,0.99997705266216951880
14483,0.99631706325679814107
14484,0.05403688100006906470
14485,0.98362500154425469567
14486,0.99485483592055756752
14487,0.99992625643938326530
14488,0.00047017443244589389
14489,0.99994289834694982666
14490,0.99999040881456668917
14491,0.99996204456256509996
14492,0.99632331148844754942
14493,0.99992760945839054276
14494,0.99592386895899398525
14495,0.99993192863482882604
14496,0.44436150619467595924
14497,0.99958390087917414757
14498,0.99994128235732226972
14499,0.99775717099991134695
14500,0.99907274861701145241
14501,0.05378249969427700838
14502,0.99998236734885337373
14503,0.97984438679605101452
14504,0.65401204529870049509
14505,0.99987476852278156514
14506,0.99999144459677036245
14507,0.99961841950493202091
14508,0.99968241289735593202
14509,0.00217287599544823849
14510,0.99941535022432170798
14511,0.01189786040510721309
14512,0.99975959243406919974
14513,0.09932797811899954366
14514,0.99999039660638489035
14515,0.99997631836474865086
14516,0.99641970379470201635
14517,0.63796373106352699534
14518,0.96814250765351095307
14519,0.99986598216586086707
14520,0.99931548599220132445
14521,0.99998648076510199267
14522,0.99893503271388606191
14523,0.99995666636407931627
14524,0.99833665546427619031
14525,0.99999625390133239922
14526,0.99945555469475666488
14527,0.92398856948270313705
14528,0.99999779803403654466
14529,0.00126121059770152848
14530,0.99999905175523184919
14531,0.99998563922794969638
14532,0.89419936248956199965
14533,0.99998236734885337373
14534,0.99998132013415985675
14535,0.98765022452415862642
14536,0.99901421456165107049
14537,0.98888556609825462029
14538,0.99999109621850557073
14539,0.90319644126805975759
14540,0.99932946377817344352
14541,0.99998808142206785377
14542,0.00453620271677693167
14543,0.99937098988601003047
14544,0.99991680091033696698
14545,0.99956526040132565036
14546,0.99988537023213319710
14547,0.99965438125769057187
14548,0.99972733481010689349
14549,0.99996929559661673625
14550,0.13679257116141521622
14551,0.99975575751522638424
14552,0.99999351802511027287
14553,0.80469599527449398035
14554,0.02507641871278788390
14555,0.08904157573296039851
14556,0.99999792210317939301
14557,0.99224547784979511000
14558,0.99785715731359414526
14559,0.99913618121669334204
14560,0.99920545218771439355
14561,0.99943790834963608383
14562,0.99959805423338488062
14563,0.11157501658660833044
14564,0.91425938654577376674
14565,0.86482560147801046391
14566,0.99999792210317939301
14567,0.78867641567947366354
14568,0.99889530782065383274
14569,0.99922296960726897375
14570,0.99438875537102122681
14571,0.99977084639614066663
14572,0.02015970882113642809
14573,0.99927792131341097726
14574,0.99946818937589720910
14575,0.99996258956354044933
14576,0.99152061078217401668
14577,0.99997740312363014858
14578,0.99754083140460114709
14579,0.97427729746669278210
14580,0.99996572631634950135
14581,0.99995840441385319686
14582,0.99996267884525946723
14583,0.99990412329452127427
14584,0.99975650263356219405
14585,0.96082286681902817627
14586,0.51604514264312006944
14587,0.99949278177051037453
14588,0.99911664568426594712
14589,0.99782798140024131506
14590,0.99984333031950345383
14591,0.99991019492812038827
14592,0.97353632085187058465
14593,0.99301443005785172691
14594,0.99533280997851680816
14595,0.93148541477621193962
14596,0.99999099767674459738
14597,0.99997857228022735132
14598,0.98888556609825462029
14599,0.99776144589616122538
14600,0.94517138928022725874
14601,0.34774989285204060963
14602,0.68077806936992790732
14603,0.99987014358348536014
14604,0.99528588888387914402
14605,0.99994663907350245236
14606,0.99991171221378372103
14607,0.82753827208372898738
14608,0.99851007527249502349
14609,0.99952293005063985731
14610,0.79685085151005463633
14611,0.92383423550072241159
14612,0.99999040881456668917
14613,0.99996849950711919064
14614,0.99328435923647662165
14615,0.99813027692173583727
14616,0.99939678245631313747
14617,0.99999428837034165518
14618,0.99808974795512539480
14619,0.99991045142247725330
14620,0.99872914093040821015
14621,0.99998745984161596656
14622,0.99995883190386658512
14623,0.99703164698709112468
14624,0.98029985974429101336
14625,0.99989347719715826468
14626,0.99989291042845307445
14627,0.82753827208372887636
14628,0.99976140811281022369
14629,0.99999811507868141547
14630,0.00067304178090664369
14631,0.99994658588714224745
14632,0.99989249787649048251
14633,0.99860483194716642696
14634,0.99921779515731568022
14635,0.99984374146175947207
14636,0.99953503030287560449
14637,0.99999932108462041835
14638,0.99798552354976000078
14639,0.99995970709041637203
14640,0.92751365145627884257
14641,0.99996804406036776669
14642,0.99688369185157987840
14643,0.99923228265181762708
14644,0.47050455015218717314
14645,0.99991371207335322246
14646,0.91425938654577365572
14647,0.99961028009495211943
14648,0.99996797223639288799
14649,0.99672021357140871967
14650,0.98069162526452635653
14651,0.99235920107253905442
14652,0.99999911839024679949
14653,0.99997989503461881533
14654,0.98428799972835578913
14655,0.99922193230396350039
14656,0.99864920936547385555
14657,0.99906665015162154919
14658,0.00873548516909032798
14659,0.97651812033867557705
14660,0.99569839134119253465
14661,0.99983312419400327542
14662,0.99988392427864503098
14663,0.95306999365368738619
14664,0.99999980797167398183
14665,0.98461029550398959653
14666,0.99993830906092973088
14667,0.99998697833774996546
14668,0.99900742733392355888
14669,0.99962635928294663046
14670,0.99999351443896644653
14671,0.99434839511933337253
14672,0.99231807174099662117
14673,0.99986081941730231559
14674,0.99998239120852394635
14675,0.96082286681902828729
14676,0.99988971343292554206
14677,0.01210801776474889485
14678,0.99983227659933304743
14679,0.99734967901949900249
14680,0.00426888260459193803
14681,0.99999780737293164634
14682,0.99991030275811842998
14683,0.99998624644686007201
14684,0.00721984548898877559
14685,0.92318860192637330897
14686,0.99838034419347332360
14687,0.99886711712117826067
14688,0.08576454299018577976
14689,0.98397403207603173492
14690,0.96029912992473642763
14691,0.99938054591432157192
14692,0.99993620713339881334
14693,0.88280122089000234720
14694,0.97528020615289434669
14695,0.99995258756757898766
14696,0.99941163641634056525
14697,0.99994622608342997871
14698,0.99873280950469656148
14699,0.01283621182545239582
14700,0.96968709761805382819
14701,0.99564383074334694701
14702,0.99956185152246168624
14703,0.99625569153507820275
14704,0.99998068150857422065
14705,0.99964756223927186962
14706,0.05370697955918676825
14707,0.99994731710543260927
14708,0.99962549520814525383
14709,0.99998845964162996758
14710,0.97815876365137077730
14711,0.99998818267653477587
14712,0.76184382118203475276
14713,0.99995824452574244567
14714,0.82717711665377735564
14715,0.99930270756423966727
14716,0.99192845682461627810
14717,0.99976430519687542464
14718,0.00834840576367948742
14719,0.99719825028189312821
14720,0.99996821875252017708
14721,0.99947668004411216458
14722,0.99992984070264079310
14723,0.95998709920930069828
14724,0.99980796008867578450
14725,0.99925388913136548030
14726,0.99999932108462041835
14727,0.99973868800071208351
14728,0.99991351064036404495
14729,0.99978082996166395269
14730,0.99555406902693632798
14731,0.99999116146121658222
14732,0.98002005492493693417
14733,0.99821177089412260752
14734,0.99993217478971163636
14735,0.99938771935946946190
14736,0.99521371122204849158
14737,0.99994571711049529128
14738,0.99948313744499361899
14739,0.99973104912828714141
14740,0.99816254436833007357
14741,0.97523941475309017246
14742,0.02781318275280880714
14743,0.13815001187337708211
14744,0.99800862250780841833
14745,0.99905073482284278974
14746,0.97063622023070650346
14747,0.99985410045501632581
14748,0.99998935410379563571
14749,0.97353632085187058465
14750,0.99999269835938464634
14751,0.99999414161999700124
14752,0.87265096231750538536
14753,0.99938034126300412385
14754,0.99987587486497098155
14755,0.99617589577252962929
14756,0.81049206931106787533
14757,0.07897230556397398515
14758,0.99901029915533645642
14759,0.99992738570967032441
14760,0.99995614600458238019
14761,0.99265279205225465109
14762,0.99914470918265763100
14763,0.99975575751522638424
14764,0.99987109591193290559
14765,0.99863080276128268764
14766,0.99977846129065484071
14767,0.99980124460643116091
14768,0.00200283460631827965
14769,0.99998229629662638285
14770,0.99998662040721686406
14771,0.99996520345576656030
14772,0.99955195469748614467
14773,0.99978195105223788275
14774,0.99998199736752135802
14775,0.99994948461587696009
14776,0.99976944293153913179
14777,0.99868555448899631877
14778,0.99998472170839247664
14779,0.99993371553766885462
14780,0.99998401255581992331
14781,0.97353632085187047362
14782,0.99021200905864037445
14783,0.99194578698316016041
14784,0.02408848771904082559
14785,0.99689914779654209553
14786,0.96211475307365257326
14787,0.99854300787338723389
14788,0.99994899439841899991
14789,0.99689914779654209553
14790,0.99982133242991200195
14791,0.99995962469160770691
14792,0.34774989285204055411
14793,0.99976475935723962962
14794,0.99580748300889787572
14795,0.99962689701672702292
14796,0.99945426307732754267
14797,0.99803037075513090226
14798,0.99994551453499491700
14799,0.99995740793631138210
14800,0.99978546984921945473
14801,0.99973519742160710244
14802,0.99979933754230376763
14803,0.99997458600534538942
14804,0.99999480656291839242
14805,0.99998598788511483537
14806,0.99999011027988449207
14807,0.99947394678170253801
14808,0.99992952171137139405
14809,0.99997258433854951942
14810,0.99846746688632603828
14811,0.99997940114495065256
14812,0.99390783242469304959
14813,0.99898332987901328206
14814,0.99991958498869826233
14815,0.99978136646213389138
14816,0.99957986735764092767
14817,0.99101174425343163676
14818,0.03075921479084206198
14819,0.99921665176238838590
14820,0.99845411404016737311
14821,0.98598975832368918049
14822,0.00031403151704751563
14823,0.99936674250905987993
14824,0.99996391206337509328
14825,0.99753390875803937821
14826,0.99875666069548219017
14827,0.99999433654768088431
14828,0.99988914766275827084
14829,0.02825932554389062532
14830,0.99991201431996556970
14831,0.99999830133968747869
14832,0.99449169169689211056
14833,0.99954233680229109815
14834,0.98759772835397652280
14835,0.99381406832535557072
14836,0.99984392223980356196
14837,0.99984107357265061822
14838,0.99969692048602287748
14839,0.99968887504845993508
14840,0.99025170072454105075
14841,0.99999722999655238365
14842,0.99968084573368654056
14843,0.99959805423338499164
14844,0.99991348091030096690
14845,0.98985463941030304991
14846,0.99986295350447262908
14847,0.99973868800071197249
14848,0.99617589577252962929
14849,0.99932975538380808267
14850,0.09573833778513882176
14851,0.99998697833774996546
14852,0.99702694185525198023
14853,0.99999381346667359782
14854,0.98005153623661656059
14855,0.99993229763845514757
14856,0.99998026522606531241
14857,0.99989948325663668971
14858,0.99999905175523184919
14859,0.99968555422673444077
14860,0.11761219414773678438
14861,0.99964216434036190506
14862,0.99906306370793285243
14863,0.99964664475691511480
14864,0.99208179444022481785
14865,0.99828239116491490623
14866,0.99992277664186091091
14867,0.99329693611325964309
14868,0.99935905261044377657
14869,0.99962195365362560562
14870,0.99932382335038816290
14871,0.99987025137889240511
14872,0.99974632655135642345
14873,0.04039101880975998204
14874,0.99874403338832173915
14875,0.99951611149193131389
14876,0.99576897777161066383
14877,0.96029912992473642763
14878,0.99559065024436121938
14879,0.99998965887870494562
14880,0.99997019988771551624
14881,0.99997220476780246390
14882,0.99701748670067702474
14883,0.99987513389407833841
14884,0.99983241709001136055
14885,0.84734775902902137457
14886,0.99847107582497396372
14887,0.99906306370793296345
14888,0.99999040881456668917
14889,0.99976977783063636362
14890,0.93445236283711996528
14891,0.99913281290720279415
14892,0.99921512697572811845
14893,0.94578124979161137809
14894,0.99952038212642047021
14895,0.99584086674377503279
14896,0.96082286681902828729
14897,0.99966259625314735082
14898,0.99998817345186952199
14899,0.92282692600251303716
14900,0.35399016647398601210
14901,0.99995566397721402652
14902,0.97461097886182235239
14903,0.99943912155785563645
14904,0.99943446223139964513
14905,0.99982516086767614372
14906,0.99997972771393672797
14907,0.97536512101102357253
14908,0.99999479285998948974
14909,0.99999428837034165518
14910,0.99995765869348773869
14911,0.92559670501711344137
14912,0.99607773906576246858
14913,0.99950717519113452258
14914,0.99999830133968747869
14915,0.94463188038810963487
14916,0.99989771267648108743
14917,0.99996090184384167632
14918,0.99626753252405031436
14919,0.99998299672943813388
14920,0.99998053367472028441
14921,0.99689743804454133969
14922,0.99998883047498243748
14923,0.99994128235732226972
14924,0.99988620642896919311
14925,0.99999007276903251196
14926,0.99719269872930504928
14927,0.98752703525989826705
14928,0.98298906442175870701
14929,0.98977165106070419398
14930,0.99998928418899979409
14931,0.99999808951445656735
14932,0.99954495717525615461
14933,0.99843207611936968249
14934,0.99993301829252900781
14935,0.99466962253038160302
14936,0.99878618292148757529
14937,0.99964000011899334375
14938,0.99792030090664285424
14939,0.99022476209943166570
14940,0.98714226680092098665
14941,0.99995079739644587846
14942,0.99971821901613122652
14943,0.99466962253038160302
14944,0.99964000011899334375
14945,0.00018163638240117222
14946,0.99712271813246378116
14947,0.99999725217002444211
14948,0.99998332119225086245
14949,0.61530510788174297421
14950,0.99988957058204286366
14951,0.99994806805653080328
14952,0.99747177309212420315
14953,0.99953240283738287175
14954,0.99997992816785918890
14955,0.99999905175523184919
14956,0.95216323580670825244
14957,0.99988907292499207280
14958,0.99936008090635064516
14959,0.99230065304346193322
14960,0.99032560239487354981
14961,0.99998216520250648998
14962,0.96324418603066941369
14963,0.99955195469748614467
14964,0.99998935410379563571
14965,0.96325341814629994452
14966,0.99998935410379563571
14967,0.99991478234764152866
14968,0.99982137780345925471
14969,0.61530510788174286319
14970,0.99998232307867107593
14971,0.00210338542769056150
14972,0.97152771166086204779
14973,0.99548696624134669353
14974,0.99998239120852394635
14975,0.99992983676588076403
14976,0.99999235077037029740
14977,0.99979130625693823919
14978,0.99278258630718041466
14979,0.99972416702422761681
14980,0.99999040881456668917
14981,0.99999480656291839242
14982,0.99976092200286847955
14983,0.99994255938647369497
14984,0.99999905175523184919
14985,0.97944626423249325775
14986,0.99932673594264742611
14987,0.99953823550970755107
14988,0.99894856463173964389
14989,0.99994636334761943797
14990,0.99999826835604921360
14991,0.95411373639737584451
14992,0.91425938654577365572
14993,0.99999798139266926622
14994,0.99996887295093650483
14995,0.95725121364904963706
14996,0.54927306353207538958
14997,0.99831536645902319016
14998,0.99801494517323374733
14999,0.99661231554364093643
15000,0.99997757418087895864
15001,0.99508837489778956265
15002,0.68077806936992790732
15003,0.99995792720703258194
15004,0.99998424156565268728
15005,0.99997856839542265117
15006,0.00093453564732840573
15007,0.96029912992473631661
15008,0.99995710774853308056
15009,0.99843436154082454426
15010,0.99990818731466846181
15011,0.99972096628483653191
15012,0.99877559908047364168
15013,0.99990791234373355145
15014,0.99779952656548809298
15015,0.99985496072004087509
15016,0.34181682268402380220
15017,0.97610412639408650204
15018,0.99865026242357035624
15019,0.87391257118343557142
15020,0.99993352807892388334
15021,0.99950686421778889290
15022,0.99993040449660020030
15023,0.99819281821848659941
15024,0.99857298789845472253
15025,0.99580813169480719704
15026,0.99758189583137879541
15027,0.99988361394527269788
15028,0.99989360549924344301
15029,0.99990392286345031181
15030,0.99998300983548837895
15031,0.03998710319546369685
15032,0.98083659914904564037
15033,0.34774989285204055411
15034,0.99950280815057190864
15035,0.99535592199457123552
15036,0.99976356241829766880
15037,0.99947714778992657880
15038,0.99953703874900434734
15039,0.99998453457026093005
15040,0.97427729746669267108
15041,0.99983984485168264644
15042,0.99875592058927176176
15043,0.99998366558421458716
15044,0.99949804338460113140
15045,0.99902890065251293006
15046,0.99997766119947872898
15047,0.99961258625285043244
15048,0.99969063691152981743
15049,0.17173135664170269266
15050,0.98784861760692777022
15051,0.99966894566418629253
15052,0.99828533529903551447
15053,0.99930976997725984301
15054,0.99441172780817677079
15055,0.99767916965558989251
15056,0.99995151275158444815
15057,0.99959805423338499164
15058,0.99668851785545353739
15059,0.99998122485526796943
15060,0.99993298659243456949
15061,0.99995666636407931627
15062,0.99899148419244532260
15063,0.98951433501242591628
15064,0.99650639771052562654
15065,0.98322105278960392205
15066,0.99981677711074234960
15067,0.91800750686932419686
15068,0.99502321248462000103
15069,0.99849210814589894891
15070,0.99809169148896292878
15071,0.99996887879051965520
15072,0.99631285090054333420
15073,0.02484209435658908324
15074,0.34774989285204055411
15075,0.99984496204232364835
15076,0.99976164881414075758
15077,0.99999521680688985281
15078,0.99997755836331880808
15079,0.99982348467126769265
15080,0.98245034970912892280
15081,0.99960581670938042365
15082,0.99598259191603610851
15083,0.99463915240320699418
15084,0.99995021668644656909
15085,0.99997410240730721931
15086,0.99995097999721649362
15087,0.99838856445133838946
15088,0.00177960841869733767
15089,0.00239956776487889245
15090,0.99881288635708787016
15091,0.99993787427854441408
15092,0.99976982018849314127
15093,0.99448142271844264251
15094,0.99996689025317753163
15095,0.99968789319253870129
15096,0.99702064509402121839
15097,0.99992837655989696977
15098,0.99999040881456668917
15099,0.99629231016693564627
15100,0.99998935410379563571
15101,0.13789109805807400755
15102,0.99950686421778889290
15103,0.99570179954781745657
15104,0.98728751027229233461
15105,0.99241277538998873275
15106,0.99415465135106728667
15107,0.99612933500151989996
15108,0.99952769849692491011
15109,0.95725121364904952603
15110,0.99882910389867907153
15111,0.99987996897172592980
15112,0.76184382118203475276
15113,0.99979749231417491817
15114,0.99991737267813862733
15115,0.99999722999655238365
15116,0.99905325038374648283
15117,0.99992624554130460357
15118,0.99984915895850368095
15119,0.22918966468136980907
15120,0.99999479285998948974
15121,0.99992143456784599032
15122,0.99967311422365046081
15123,0.99999274164764284656
15124,0.99389493622341407164
15125,0.99848357435096979362
15126,0.99969739976376570390
15127,0.99189357180592252483
15128,0.99996238046835761448
15129,0.98083659914904575139
15130,0.99998563922794980741
15131,0.99990700066955351399
15132,0.99844630881068330286
15133,0.99846246897638835094
15134,0.97758451377709731922
15135,0.99775070782432651040
15136,0.99417281162200876743
15137,0.72720609616679221521
15138,0.94380241110575902042
15139,0.88048601831119965855
15140,0.99235327734452560833
15141,0.99996887879051965520
15142,0.99946818937589720910
15143,0.99848967973548852228
15144,0.99204822503094702846
15145,0.99769705113388529316
15146,0.00123874171779205498
15147,0.99813027692173583727
15148,0.99995186777193589833
15149,0.99995734866212393488
15150,0.01926412757208407697
15151,0.99990382310063508076
15152,0.00175418247750620815
15153,0.99975029896735256862
15154,0.99995933582683382834
15155,0.99966878489791077822
15156,0.99998935410379563571
15157,0.00422770082938421325
15158,0.96643205754924554896
15159,0.96759206021328303393
15160,0.95998709920930080930
15161,0.98315544245274033575
15162,0.88017753291075628841
15163,0.99997740312363014858
15164,0.81007490730186726413
15165,0.99995269548582543795
15166,0.99459278840008102929
15167,0.99984069562233879314
15168,0.99998935410379563571
15169,0.99999211560349787753
15170,0.99967390985992010677
15171,0.99976782809158315501
15172,0.99999615209717973574
15173,0.99997042363018973088
15174,0.99998673208847954630
15175,0.99999585458015383121
15176,0.99641803328447930976
15177,0.99987614297346427694
15178,0.00066122657191038992
15179,0.99994285079105604819
15180,0.99972065460241377188
15181,0.99646751764556551478
15182,0.96643205754924565998
15183,0.99997488475828355536
15184,0.99999425564168387126
15185,0.99999634980492113634
15186,0.95411373639737584451
15187,0.99956731632231010654
15188,0.99737995001999202316
15189,0.99976430519687542464
15190,0.34774989285204055411
15191,0.00984894047282251599
15192,0.99508837489778956265
15193,0.86482560147801046391
15194,0.95341522834080627558
15195,0.99970075508184463864
15196,0.99988082669889200016
15197,0.99967405153043353838
15198,0.00863643240406847257
15199,0.99996436874484861956
15200,0.99446216652083030407
15201,0.98035711489280652486
15202,0.98789790811612299137
15203,0.99651210890567487599
15204,0.98974186407625364126
15205,0.41331447653230618533
15206,0.98148823755297232019
15207,0.86185226038234785673
15208,0.99276671651602377278
15209,0.97397985675184062249
15210,0.52659443055151078372
15211,0.97229936770346969688
15212,0.98312954537413799194
15213,0.95330882982534848047
15214,0.89275187221292995332
15215,0.99601934195637187308
15216,0.21758152017366513831
15217,0.95393374198138614073
15218,0.96314133427453674230
15219,0.94696827567561236982
15220,0.99805927426314644535
15221,0.98524602801609317826
15222,0.97642383821474898475
15223,0.98860168155063365969
15224,0.98974186407625364126
15225,0.99204913925060023150
15226,0.98122464996180003283
15227,0.92580091205019543477
15228,0.94966812016056056933
15229,0.99527852802679706024
15230,0.97608523491666576710
15231,0.95229828615861977781
15232,0.99189926011126161587
15233,0.98974186407625364126
15234,0.39386253114065195025
15235,0.98996979377015614787
15236,0.99771535055043247819
15237,0.99204913925060023150
15238,0.97082224003257233669
15239,0.08483249563088408884
15240,0.92580091205019543477
15241,0.99458966830417017135
15242,0.99312968491470421384
15243,0.97697055248417863371
15244,0.91192477978236408109
15245,0.96683775416836748029
15246,0.97397985675184062249
15247,0.99276671651602377278
15248,0.94511927829083586250
15249,0.99389604373961315531
15250,0.99204913925060034252
15251,0.98711047588137634801
15252,0.97181348387497723529
15253,0.99781595772715947490
15254,0.99659487115271627733
15255,0.39352514735458404838
15256,0.86423269125612955932
15257,0.94511927829083586250
15258,0.51498505934779614801
15259,0.95328758623499687541
15260,0.92580091205019543477
15261,0.92580091205019554579
15262,0.21758152017366511055
15263,0.99350573406888476047
15264,0.98974186407625364126
15265,0.92580091205019543477
15266,0.83810821424640269406
15267,0.97138215266161953565
15268,0.96881022931291993494
15269,0.99230074524298605976
15270,0.92580091205019543477
15271,0.95328758623499698643
15272,0.99189926011126161587
15273,0.98974186407625364126
15274,0.99265347641846068960
15275,0.99307903052253510001
15276,0.43777507652589725540
15277,0.98035711489280652486
15278,0.99172252421323325855
15279,0.99307903052253510001
15280,0.89483817044014979381
15281,0.97943135932717428904
15282,0.98392870956600542165
15283,0.98974186407625364126
15284,0.99772604837033307401
15285,0.98938264111161922099
15286,0.95328758623499687541
15287,0.95328758623499698643
15288,0.99008113993204871495
15289,0.97021506222509745765
15290,0.96683775416836748029
15291,0.59349002139442075254
15292,0.99439632405283340244
15293,0.26824151409810154112
15294,0.95328758623499687541
15295,0.29711698813982834189
15296,0.96147104953293816010
15297,0.99437778188424164050
15298,0.98579258709245731751
15299,0.99674387784533202694
15300,0.99659487115271627733
15301,0.92580091205019554579
15302,0.99189926011126161587
15303,0.99568647971966217636
15304,0.99781595772715947490
15305,0.87707444027142933418
15306,0.12399422423390879522
15307,0.98987223771479249113
15308,0.92580091205019543477
15309,0.99659487115271627733
15310,0.86778470191757450802
15311,0.98948796577879116754
15312,0.99694676412318739001
15313,0.98974186407625364126
15314,0.97217299385454869487
15315,0.96881022931291982392
15316,0.99668513886683629543
15317,0.98035711489280641384
15318,0.98015445108996368528
15319,0.97945981435115003766
15320,0.97237859397268044948
15321,0.99458966830417017135
15322,0.97922565506712999639
15323,0.99767203270498450163
15324,0.89275187221292984230
15325,0.99249581072147252669
15326,0.98122464996180003283
15327,0.86185226038234796775
15328,0.92580091205019554579
15329,0.99087844628622845367
15330,0.92580091205019543477
15331,0.95328758623499687541
15332,0.98422371355784477043
15333,0.98996283507863158668
15334,0.93443950643426376690
15335,0.98810054141293301999
15336,0.99773151698136208765
15337,0.99338948044260877435
15338,0.98035711489280641384
15339,0.41010642979309780420
15340,0.99172252421323325855
15341,0.99668513886683629543
15342,0.95328758623499676439
15343,0.21758152017366511055
15344,0.99317722694072607670
15345,0.97168137597053871879
15346,0.97523558862662340641
15347,0.99679125994905615205
15348,0.86423269125612967034
15349,0.99842180473984409872
15350,0.95328758623499698643
15351,0.99117350785732616369
15352,0.99779308721500814539
15353,0.97945981435115003766
15354,0.96881022931291993494
15355,0.55583151204918401778
15356,0.99105408763729208044
15357,0.99439632405283340244
15358,0.98974186407625364126
15359,0.12207095170762852221
15360,0.91192477978236408109
15361,0.77659149207507449653
15362,0.20830982217937146772
15363,0.92580091205019554579
15364,0.98250146638412116928
15365,0.99781595772715947490
15366,0.99468534079531123471
15367,0.95328758623499687541
15368,0.95328758623499687541
15369,0.97608523491666565608
15370,0.93867171242818048249
15371,0.99625915095554107292
15372,0.96712784478412783251
15373,0.97397985675184062249
15374,0.98035711489280652486
15375,0.98789790811612288035
15376,0.99778231910310855035
15377,0.99331061291950339953
15378,0.96418928376379231526
15379,0.86185226038234785673
15380,0.99089588638221126615
15381,0.95328758623499687541
15382,0.99781595772715947490
15383,0.99308398654636687031
15384,0.31625559700885091940
15385,0.89275187221292984230
15386,0.99458488459371641177
15387,0.99726758097381340562
15388,0.95328758623499698643
15389,0.99811887657059872314
15390,0.85456420111164765885
15391,0.99527852802679706024
15392,0.99307903052253521103
15393,0.99189926011126161587
15394,0.34479538005186927130
15395,0.97915502553850741752
15396,0.98810054141293301999
15397,0.99887908868826380537
15398,0.98974186407625364126
15399,0.98415806144101314334
15400,0.99037499186961963638
15401,0.98868019985286381690
15402,0.95328758623499687541
15403,0.99399372232143567985
15404,0.98681843527472701272
15405,0.20902310467466672650
15406,0.95359795063178454111
15407,0.97608523491666576710
15408,0.21758152017366508280
15409,0.95811512497005513200
15410,0.94460455541519983136
15411,0.99458966830417017135
15412,0.95328758623499687541
15413,0.95166808858986884356
15414,0.92580091205019554579
15415,0.85308838554478960692
15416,0.91192477978236397007
15417,0.98622824047061441455
15418,0.99458488459371641177
15419,0.99189926011126161587
15420,0.98410785111494070154
15421,0.97805034544182956058
15422,0.99451136385913407878
15423,0.97608523491666576710
15424,0.91192477978236408109
15425,0.38073437744393545668
15426,0.99581744834374441577
15427,0.95328758623499687541
15428,0.98782005173232967365
15429,0.99391211599224127404
15430,0.91473495570863683213
15431,0.96147104953293816010
15432,0.96314133427453674230
15433,0.87183641914225362690
15434,0.98619290851696561617
15435,0.96496487881372094986
15436,0.52659443055151078372
15437,0.99629217481682097457
15438,0.99860191774708639834
15439,0.92580091205019554579
15440,0.60466281540134758643
15441,0.39352514735458404838
15442,0.99659487115271627733
15443,0.39142511530899332106
15444,0.99781595772715947490
15445,0.99735827359115569735
15446,0.39386253114065195025
15447,0.95328758623499687541
15448,0.96025306562197276783
15449,0.98740427022939014634
15450,0.95393374198138614073
15451,0.13356249770086286999
15452,0.31625559700885091940
15453,0.99527852802679706024
15454,0.92580091205019543477
15455,0.97608523491666565608
15456,0.98893145528774728525
15457,0.98715124592353220567
15458,0.98422371355784477043
15459,0.99771535055043247819
15460,0.99451136385913407878
15461,0.31625559700885091940
15462,0.11374898984132725266
15463,0.95328758623499687541
15464,0.95175087715124995214
15465,0.21758152017366516606
15466,0.92580091205019554579
15467,0.99527852802679706024
15468,0.99566321083220599153
15469,0.98837636497951630865
15470,0.39352514735458399286
15471,0.98422371355784499247
15472,0.96881022931291993494
15473,0.96147104953293816010
15474,0.91074451176712512002
15475,0.99284740805263915764
15476,0.97915502553850741752
15477,0.97608523491666576710
15478,0.99183161987507528767
15479,0.99276671651602377278
15480,0.99364910640510184514
15481,0.97138215266161953565
15482,0.98392870956600542165
15483,0.70087645822373834115
15484,0.98974186407625364126
15485,0.94571248411238861831
15486,0.99659487115271627733
15487,0.98911928348465683047
15488,0.99439632405283340244
15489,0.91074451176712523104
15490,0.93634806582814333886
15491,0.99674387784533202694
15492,0.93950721472673581758
15493,0.95328758623499687541
15494,0.97608523491666565608
15495,0.08483249563088410272
15496,0.99458488459371652279
15497,0.98923925396915024510
15498,0.99671477089423443640
15499,0.96147104953293804908
15500,0.97397985675184073351
15501,0.97805170402268493124
15502,0.96147104953293816010
15503,0.40468100428373759980
15504,0.99276671651602366175
15505,0.21758152017366513831
15506,0.96314133427453674230
15507,0.98987946668255544225
15508,0.99204913925060023150
15509,0.18780208854175645117
15510,0.98619290851696572719
15511,0.99671477089423443640
15512,0.99167153951039643811
15513,0.95328758623499698643
15514,0.98845967174202076233
15515,0.99369522105399554768
15516,0.99651210890567487599
15517,0.98422371355784499247
15518,0.95328758623499687541
15519,0.98974186407625364126
15520,0.97642383821474898475
15521,0.97697055248417863371
15522,0.98102438601827601783
15523,0.98974186407625364126
15524,0.99439632405283340244
15525,0.97138215266161953565
15526,0.28511991082319548818
15527,0.98938264111161922099
15528,0.95328758623499687541
15529,0.96683775416836748029
15530,0.95328758623499687541
15531,0.99307903052253510001
15532,0.99578316921169784948
15533,0.41944329402756042047
15534,0.99858849362352020140
15535,0.95328758623499687541
15536,0.98710895803291553996
15537,0.95393374198138614073
15538,0.99659487115271627733
15539,0.99772604837033307401
15540,0.98719513598418195954
15541,0.14779040299346762888
15542,0.99479408555599901920
15543,0.97782031329870744418
15544,0.99458966830417017135
15545,0.86778470191757439700
15546,0.97042916720554306398
15547,0.95328758623499698643
15548,0.99105408763729208044
15549,0.99860191774708650936
15550,0.86778470191757428598
15551,0.99570957118970859767
15552,0.21758152017366516606
15553,0.95328758623499698643
15554,0.99651210890567487599
15555,0.99858849362352020140
15556,0.86160304326034875544
15557,0.98810054141293301999
15558,0.99781595772715947490
15559,0.97782031329870744418
15560,0.99540078638351581208
15561,0.98938264111161933201
15562,0.99859590695326660992
15563,0.99201578802271350721
15564,0.12207095170762849445
15565,0.99842180473984409872
15566,0.86423269125612967034
15567,0.99172252421323325855
15568,0.31625559700885091940
15569,0.26824151409810154112
15570,0.92580091205019554579
15571,0.41944329402756042047
15572,0.99659487115271627733
15573,0.99573068386414065323
15574,0.21758152017366513831
15575,0.99887908868826380537
15576,0.98810054141293301999
15577,0.99304846401181467996
15578,0.35739951135695818829
15579,0.99781595772715947490
15580,0.97945981435115003766
15581,0.98766504205948124628
15582,0.13356249770086286999
15583,0.99781595772715947490
15584,0.99867871150657905321
15585,0.97869800003851692427
15586,0.21758152017366513831
15587,0.64541712030675280065
15588,0.58166734244772144713
15589,0.99307903052253510001
15590,0.99570957118970859767
15591,0.48104824671760210153
15592,0.98974186407625364126
15593,0.95328758623499687541
15594,0.96755791818906544677
15595,0.99735827359115569735
15596,0.99856085685848561262
15597,0.96147104953293816010
15598,0.92585044793003545838
15599,0.99527852802679706024
15600,0.98715124592353220567
15601,0.97608523491666576710
15602,0.99781595772715947490
15603,0.98015445108996368528
15604,0.21758152017366516606
15605,0.99527852802679706024
15606,0.98996283507863158668
15607,0.11374898984132725266
15608,0.96147104953293816010
15609,0.64382070213494069222
15610,0.11276342085081460243
15611,0.97007457127431562238
15612,0.98109007494233635427
15613,0.94585274374175498657
15614,0.99751459668075581622
15615,0.21758152017366516606
15616,0.56814684111724100823
15617,0.59073707799774322069
15618,0.96679240620875950274
15619,0.99204913925060023150
15620,0.99805927426314644535
15621,0.99679125994905615205
15622,0.91074451176712523104
15623,0.95328758623499687541
15624,0.31625559700885091940
15625,0.97520855624813773677
15626,0.92243055729807044152
15627,0.69855943188762548157
15628,0.21758152017366513831
15629,0.99029483593544687103
15630,0.95328758623499687541
15631,0.98035711489280641384
15632,0.99262542893337879502
15633,0.92580091205019543477
15634,0.98422371355784477043
15635,0.99512375559172283612
15636,0.99251773149416888664
15637,0.98537028549973448843
15638,0.20830982217937146772
15639,0.99389604373961315531
15640,0.98974186407625364126
15641,0.97869800003851692427
15642,0.99858849362352020140
15643,0.98663789171926852273
15644,0.99781595772715947490
15645,0.94750493182390738145
15646,0.90894027715869119000
15647,0.90827334393838321525
15648,0.21758152017366513831
15649,0.98996283507863158668
15650,0.53003169019703788578
15651,0.99304846401181467996
15652,0.86185226038234785673
15653,0.98974186407625364126
15654,0.99556508456232950532
15655,0.41010642979309785972
15656,0.86423269125612967034
15657,0.97084266593601387108
15658,0.99724811740431462681
15659,0.99512375559172283612
15660,0.97907499105543127627
15661,0.92580091205019543477
15662,0.98789790811612288035
15663,0.27776550241083630688
15664,0.99781595772715947490
15665,0.99860191774708639834
15666,0.91192477978236408109
15667,0.92580091205019554579
15668,0.99625915095554107292
15669,0.99668513886683629543
15670,0.97247058628946658754
15671,0.11626442158250531456
15672,0.98392870956600542165
15673,0.96998099305305296447
15674,0.43476757180681369075
15675,0.91192477978236408109
15676,0.21758152017366513831
15677,0.23565087583924079762
15678,0.74994687864762066276
15679,0.99160119148022296542
15680,0.99659487115271627733
15681,0.99312968491470421384
15682,0.91192477978236408109
15683,0.99890331587385339240
15684,0.27049076308956604420
15685,0.98974186407625364126
15686,0.98410785111494070154
15687,0.99681443761868915310
15688,0.29434974749874232014
15689,0.11626442158250530068
15690,0.99097079092825135493
15691,0.96683775416836748029
15692,0.99307903052253510001
15693,0.92580091205019543477
15694,0.05268733668208480658
15695,0.97608523491666554506
15696,0.99029483593544687103
15697,0.66710690174486986237
15698,0.95328758623499698643
15699,0.98996283507863158668
15700,0.99625915095554107292
15701,0.92580091205019543477
15702,0.98392870956600542165
15703,0.98122464996180003283
15704,0.99764831300133949288
15705,0.99304846401181467996
15706,0.98766504205948124628
15707,0.92580091205019554579
15708,0.98810054141293301999
15709,0.99860191774708639834
15710,0.21758152017366513831
15711,0.97185483137966299783
15712,0.93345653407048678751
15713,0.98922810026762875157
15714,0.98633835626658972195
15715,0.12207095170762852221
15716,0.98845967174202076233
15717,0.99668513886683629543
15718,0.99491638818315941695
15719,0.98195604696298555147
15720,0.58112762388034933103
15721,0.95328758623499687541
15722,0.20830982217937146772
15723,0.72654012313381499677
15724,0.11276342085081460243
15725,0.99251434892883083627
15726,0.99030160498692398896
15727,0.40468100428373759980
15728,0.31625559700885091940
15729,0.99230074524298605976
15730,0.96147104953293816010
15731,0.97138215266161953565
15732,0.99172252421323325855
15733,0.20830982217937143997
15734,0.99172252421323325855
15735,0.99374062188697132036
15736,0.98923318365226420301
15737,0.91192477978236408109
15738,0.98392870956600542165
15739,0.21758152017366511055
15740,0.98422371355784499247
15741,0.99292631912813389405
15742,0.99858849362352020140
15743,0.99860191774708639834
15744,0.98789790811612288035
15745,0.99008113993204860392
15746,0.98723450996853290285
15747,0.99439632405283340244
15748,0.99781595772715947490
15749,0.99172252421323325855
15750,0.98922810026762864055
15751,0.99570957118970859767
15752,0.98546433056274052031
15753,0.97007457127431562238
15754,0.98496366922359668283
15755,0.99659487115271627733
15756,0.99860191774708639834
15757,0.99566321083220599153
15758,0.98782059174610203911
15759,0.99609519631795429007
15760,0.52659443055151078372
15761,0.99391211599224127404
15762,0.98807130265816534020
15763,0.98619290851696572719
15764,0.99456671079528891077
15765,0.85738534415423206525
15766,0.92580091205019554579
15767,0.92580091205019543477
15768,0.99651210890567465395
15769,0.98766413661202046015
15770,0.92580091205019554579
15771,0.98546433056274052031
15772,0.99512375559172283612
15773,0.25752158688211079784
15774,0.70613708726162671692
15775,0.99764831300133949288
15776,0.99364910640510184514
15777,0.21758152017366513831
15778,0.96280430024468666161
15779,0.41944329402756042047
15780,0.45482258264052127794
15781,0.89701572850000721449
15782,0.97181348387497723529
15783,0.82554295901256180557
15784,0.34479538005186921579
15785,0.99659487115271627733
15786,0.31274017973165307849
15787,0.99389604373961315531
15788,0.96881022931292004596
15789,0.99787403428031917763
15790,0.98392870956600542165
15791,0.96314133427453663128
15792,0.95328758623499687541
15793,0.86778470191757428598
15794,0.98422371355784488145
15795,0.77279255768865862120
15796,0.39386253114065195025
15797,0.21758152017366513831
15798,0.98077624160010212773
15799,0.99689413861337383693
15800,0.99859590695326660992
15801,0.91192477978236408109
15802,0.97587670951138594244
15803,0.89652544661098698686
15804,0.97397985675184073351
15805,0.92580091205019554579
15806,0.99527852802679706024
15807,0.96893747835478039043
15808,0.98392870956600553267
15809,0.95328758623499698643
15810,0.99544823988187391972
15811,0.92734527917057218982
15812,0.98723450996853290285
15813,0.99476252070461257393
15814,0.99458966830417017135
15815,0.98035711489280641384
15816,0.28191635098278983174
15817,0.94228350202733757168
15818,0.97782031329870744418
15819,0.99781595772715947490
15820,0.99456671079528891077
15821,0.98489149356239125144
15822,0.92580091205019554579
15823,0.99781595772715947490
15824,0.94571248411238861831
15825,0.98077624160010201670
15826,0.99527852802679706024
15827,0.95328758623499687541
15828,0.99527852802679706024
15829,0.99387271083363104562
15830,0.99679125994905615205
15831,0.40468100428373759980
15832,0.99601934195637187308
15833,0.99292631912813389405
15834,0.99624481710372525534
15835,0.97922565506712999639
15836,0.93153056562684266595
15837,0.95328758623499687541
15838,0.98923318365226420301
15839,0.99659487115271627733
15840,0.92580091205019554579
15841,0.96327574386771919190
15842,0.99325490641651192902
15843,0.26824151409810154112
15844,0.97608523491666576710
15845,0.20830982217937146772
15846,0.99527852802679706024
15847,0.99781595772715947490
15848,0.98392870956600542165
15849,0.99845497856962628358
15850,0.92580091205019554579
15851,0.98889355496735664719
15852,0.95992482987218830104
15853,0.99312145869107226748
15854,0.97907499105543127627
15855,0.97397985675184073351
15856,0.99369522105399554768
15857,0.99251773149416899766
15858,0.99578316921169784948
15859,0.99771535055043247819
15860,0.98563732235107115454
15861,0.99029483593544676001
15862,0.98923925396915024510
15863,0.99887908868826380537
15864,0.92580091205019543477
15865,0.99276671651602377278
15866,0.98974186407625364126
15867,0.99535487909950659535
15868,0.95328758623499687541
15869,0.96147104953293816010
15870,0.99391211599224127404
15871,0.99292631912813389405
15872,0.98034792406282877941
15873,0.99276671651602366175
15874,0.97784244094931227487
15875,0.99172252421323325855
15876,0.99578316921169784948
15877,0.97608523491666576710
15878,0.98948796577879116754
15879,0.92580091205019554579
15880,0.99338948044260877435
15881,0.92580091205019543477
15882,0.66062798879193473933
15883,0.98422371355784488145
15884,0.99556508456232939430
15885,0.98148823755297232019
15886,0.99527852802679706024
15887,0.99651210890567487599
15888,0.35739951135695818829
15889,0.98996283507863158668
15890,0.99781595772715947490
15891,0.99566321083220599153
15892,0.20830982217937143997
15893,0.97138215266161953565
15894,0.35689035644984545836
15895,0.96926764432346790290
15896,0.21758152017366513831
15897,0.99581744834374441577
15898,0.99439632405283340244
15899,0.98148823755297232019
15900,0.99436700009124501243
15901,0.98974186407625364126
15902,0.94511927829083586250
15903,0.75363223924412225951
15904,0.91192477978236408109
15905,0.91192477978236408109
15906,0.88832067550028104286
15907,0.98974186407625364126
15908,0.99204913925060023150
15909,0.90779273074856803305
15910,0.99842180473984409872
15911,0.99370304574107126694
15912,0.99172252421323325855
15913,0.99008113993204871495
15914,0.99659487115271627733
15915,0.95328758623499687541
15916,0.99087844628622845367
15917,0.99370351076080631891
15918,0.92580091205019554579
15919,0.99014468723798920724
15920,0.98527754547529866613
15921,0.28908634755682194317
15922,0.96961347706367972954
15923,0.92580091205019554579
15924,0.99276671651602377278
15925,0.97397985675184073351
15926,0.98112800227777408058
15927,0.97779624228986539158
15928,0.08483249563088408884
15929,0.98974186407625364126
15930,0.99659487115271627733
15931,0.99868785781733337981
15932,0.97172978111698360415
15933,0.99391211599224127404
15934,0.97454480974169865881
15935,0.28908634755682194317
15936,0.14978490508091557576
15937,0.99860191774708639834
15938,0.98035711489280652486
15939,0.97608523491666565608
15940,0.99527852802679706024
15941,0.31625559700885091940
15942,0.98789790811612299137
15943,0.07156012324888259835
15944,0.20830982217937143997
15945,0.98810054141293301999
15946,0.96147104953293816010
15947,0.92580091205019554579
15948,0.98546433056274052031
15949,0.98392870956600542165
15950,0.92580091205019543477
15951,0.92580091205019543477
15952,0.98067758027381646269
15953,0.98260167788984609238
15954,0.99527852802679706024
15955,0.99659487115271627733
15956,0.94511927829083586250
15957,0.96881022931292004596
15958,0.94927946898628112748
15959,0.99029483593544676001
15960,0.99530766091549738306
15961,0.98723450996853290285
15962,0.99370351076080631891
15963,0.89275187221292984230
15964,0.99117350785732605267
15965,0.97782031329870744418
15966,0.35739951135695824380
15967,0.12207095170762852221
15968,0.21758152017366513831
15969,0.98789790811612299137
15970,0.99064022601267665014
15971,0.99439632405283340244
15972,0.99846930420456647681
15973,0.97007457127431562238
15974,0.97608523491666565608
15975,0.95580408496350277581
15976,0.20830982217937143997
15977,0.96147104953293816010
15978,0.98478938485913070089
15979,0.99439632405283340244
15980,0.96147104953293816010
15981,0.94511927829083586250
15982,0.89275187221292984230
15983,0.98974186407625364126
15984,0.98789790811612288035
15985,0.98789790811612299137
15986,0.11489671795241440666
15987,0.98789790811612299137
15988,0.99891226474921168688
15989,0.98789790811612288035
15990,0.98392870956600542165
15991,0.59876235105581521179
15992,0.99651210890567476497
15993,0.11276342085081460243
15994,0.99668065227180913102
15995,0.97642383821474909578
15996,0.91192477978236419212
15997,0.99512375559172283612
15998,0.98974186407625364126
15999,0.99781595772715947490
16000,0.99573068386414065323
16001,0.62183320748830539504
16002,0.51090272392721791661
16003,0.00004197858746139734
16004,0.00055180055367627710
16005,0.01179725527061967379
16006,0.00005953721257964543
16007,0.00009348019700755952
16008,0.00043360884908914767
16009,0.00074901736431738197
16010,0.00005561190038609972
16011,0.00208897983194003068
16012,0.00013800725277793993
16013,0.00052306446131788087
16014,0.00018284174644106368
16015,0.00104438728890647961
16016,0.00001148031671117196
16017,0.01711180578006139472
16018,0.00016293782658885163
16019,0.00019935255472164275
16020,0.00009348019700755952
16021,0.78864506006949586236
16022,0.01720575764708321201
16023,0.00108834022144814924
16024,0.00004296860594488825
16025,0.00023352842335148523
16026,0.00001148031671117196
16027,0.00004296860594488825
16028,0.00013412337605426516
16029,0.83930361244193507630
16030,0.51090272392721780559
16031,0.80688763059159607227
16032,0.00010372142039948111
16033,0.51090272392721791661
16034,0.51090272392721780559
16035,0.00001573924703707699
16036,0.34962366906894715157
16037,0.00810521366562884198
16038,0.12984924671544803565
16039,0.00490311949785552509
16040,0.01608009472772591389
16041,0.00004197858746139734
16042,0.00104558201584188160
16043,0.00104558201584188160
16044,0.00016212111510792128
16045,0.00001573924703707699
16046,0.68256843469238726030
16047,0.00056765740340982264
16048,0.99450733731908802504
16049,0.00154880486153206138
16050,0.30325384355163143013
16051,0.68256843469238726030
16052,0.00957941256550432288
16053,0.00131690397663259155
16054,0.00001148031671117196
16055,0.71485594680895281350
16056,0.00020810729788470279
16057,0.02484465235013655349
16058,0.68256843469238726030
16059,0.00013412337605426516
16060,0.68256843469238726030
16061,0.00009687049176069012
16062,0.00133741795504487134
16063,0.00011016432583830470
16064,0.00016212111510792128
16065,0.00003324610594789599
16066,0.00011628385447751970
16067,0.00994418768431384187
16068,0.55624577263066043997
16069,0.00850098276251386349
16070,0.00001946486874605702
16071,0.00013848294777519475
16072,0.00033263973090165314
16073,0.00027597641880848864
16074,0.00032837736843634743
16075,0.00041549901545240975
16076,0.00010465458895119573
16077,0.00009687049176069012
16078,0.01194565761122435947
16079,0.00322822725586098102
16080,0.00070721159066439144
16081,0.00016293782658885163
16082,0.00000680842591181334
16083,0.00009687049176069012
16084,0.00016264739675250111
16085,0.00035025173815913358
16086,0.00015743026254139261
16087,0.00363909688858964943
16088,0.00101116937855405260
16089,0.00001148031671117196
16090,0.00015354963089977625
16091,0.00041720497850810935
16092,0.00055180055367627710
16093,0.00049835917494694775
16094,0.00001946486874605702
16095,0.00897945825801728728
16096,0.51090272392721780559
16097,0.00014367548414990345
16098,0.00151422954492644031
16099,0.00016212111510792128
16100,0.00021259462592802000
16101,0.00541811410123765706
16102,0.00001148031671117196
16103,0.81134106716696685613
16104,0.00004013329055071451
16105,0.00004197858746139734
16106,0.00156250799290066520
16107,0.00288735990163711473
16108,0.00669413207847101115
16109,0.00008096887367034194
16110,0.00013200772952777287
16111,0.56006935949056779744
16112,0.00021259462592802000
16113,0.00336031742987796074
16114,0.00030769324361600925
16115,0.00017001443175802835
16116,0.00071222255436167363
16117,0.00031597522723516858
16118,0.00013800725277793993
16119,0.00186628917962768158
16120,0.00742359300461530643
16121,0.00004296860594488825
16122,0.86240106849756403840
16123,0.00001573924703707699
16124,0.12984924671544803565
16125,0.00069201611876760041
16126,0.00013655146212257307
16127,0.00071222255436167363
16128,0.00013412337605426516
16129,0.00017001443175802835
16130,0.00009639002968523819
16131,0.00000680842591181334
16132,0.00021916533123554345
16133,0.00016212111510792128
16134,0.00334001989107298022
16135,0.00850098276251386349
16136,0.00012392662522642497
16137,0.00001148031671117196
16138,0.00151598760770748817
16139,0.00054335377668468879
16140,0.00742359300461530643
16141,0.00005338285038267673
16142,0.00063830739559571803
16143,0.51090272392721780559
16144,0.00004996525799114136
16145,0.00004197858746139734
16146,0.00212914614099372424
16147,0.00008423347259699277
16148,0.00008323451877541916
16149,0.00052719524054927770
16150,0.00013412337605426516
16151,0.00382568677025414174
16152,0.00009488407837576776
16153,0.00302738573615521410
16154,0.00071222255436167363
16155,0.00028547972711223538
16156,0.00013412337605426516
16157,0.01720575764708321201
16158,0.00019935255472164275
16159,0.74726044946496972265
16160,0.67628804401020947701
16161,0.00073404801332519886
16162,0.00001641366913293211
16163,0.00041720497850810935
16164,0.00085274783124997765
16165,0.14828174240910990678
16166,0.00021259462592802000
16167,0.00113132110153384364
16168,0.02426746817061227121
16169,0.00009687049176069012
16170,0.01050417244491849700
16171,0.00208897983194003068
16172,0.00022773409066977187
16173,0.78864506006949586236
16174,0.00024924169341582040
16175,0.00669413207847101115
16176,0.00071222255436167363
16177,0.98548576914120189496
16178,0.00004197858746139734
16179,0.00338630131633089679
16180,0.00013200772952777287
16181,0.00001718180713661295
16182,0.22985234020012676459
16183,0.00742359300461530643
16184,0.61042116732598727946
16185,0.00004197858746139734
16186,0.08672637689536635830
16187,0.01166550799045024123
16188,0.00052719524054927770
16189,0.00048516554523968540
16190,0.00890959380423570965
16191,0.00017890473860290003
16192,0.01803350139224340482
16193,0.00011628385447751970
16194,0.00041434532974303235
16195,0.00013800725277793993
16196,0.09219378964171956459
16197,0.00101116937855405260
16198,0.00009687049176069012
16199,0.34309560035905040110
16200,0.00005561190038609972
16201,0.86240106849756403840
16202,0.00005631364317278782
16203,0.51090272392721780559
16204,0.00056765740340982264
16205,0.00003551427823498248
16206,0.00004197858746139734
16207,0.00052306446131788087
16208,0.72310349324659028980
16209,0.00001641366913293211
16210,0.00294211797315608497
16211,0.00021848427282269287
16212,0.00013412337605426516
16213,0.00004197858746139734
16214,0.03896062511579287402
16215,0.01852823084087162897
16216,0.00123030412055522096
16217,0.00016212111510792128
16218,0.00001946486874605702
16219,0.00011846777592098381
16220,0.00742359300461530643
16221,0.00022015153330930804
16222,0.00016293782658885163
16223,0.39887234793824438706
16224,0.05788901002701439535
16225,0.24911964228749694517
16226,0.00052719524054927770
16227,0.00009348019700755952
16228,0.91490394873478664284
16229,0.00000680842591181334
16230,0.00016293782658885163
16231,0.00021259462592802000
16232,0.36762219643038029915
16233,0.00005675525774180431
16234,0.00003324610594789599
16235,0.00151598760770748817
16236,0.00013200772952777287
16237,0.00071222255436167363
16238,0.00101116937855405260
16239,0.17898189761234814532
16240,0.00336031742987796074
16241,0.00039868903598759434
16242,0.00031597522723516858
16243,0.00017001443175802835
16244,0.01333318792961368966
16245,0.03638236090044393023
16246,0.00000680842591181334
16247,0.24911964228749691741
16248,0.01340898467792700846
16249,0.00052719524054927770
16250,0.00006158718845089937
16251,0.00006138431580893332
16252,0.00006249566153904699
16253,0.00039717313379126969
16254,0.00010465458895119573
16255,0.68256843469238726030
16256,0.14828174240910993453
16257,0.00085274783124997765
16258,0.00027220798280046309
16259,0.00096351866638504601
16260,0.51090272392721780559
16261,0.00004013329055071451
16262,0.00117892831697669780
16263,0.34309560035905045661
16264,0.06069187690106235544
16265,0.00017001443175802835
16266,0.00004296860594488825
16267,0.00096351866638504601
16268,0.00128162688371302432
16269,0.00013800725277793993
16270,0.00015019934327145467
16271,0.00541811410123765706
16272,0.00001148031671117196
16273,0.00013193627268676515
16274,0.00044689104359332062
16275,0.00008206295784770782
16276,0.00004013329055071451
16277,0.86240106849756392737
16278,0.00013800725277793993
16279,0.99374126215486058289
16280,0.00005953721257964543
16281,0.00019971464122860885
16282,0.00028723972607162470
16283,0.00016293782658885163
16284,0.00151598760770748817
16285,0.91490394873478664284
16286,0.00014367548414990345
16287,0.00004296860594488825
16288,0.67628804401020947701
16289,0.51090272392721791661
16290,0.00086223071390215209
16291,0.00166896628506344466
16292,0.00121315791263834085
16293,0.00002547853977948851
16294,0.24911964228749691741
16295,0.86240106849756403840
16296,0.75441055135250900676
16297,0.00016867035834353098
16298,0.00850098276251386349
16299,0.00281524942495180262
16300,0.00013655146212257307
16301,0.00049100804313191094
16302,0.00006158718845089937
16303,0.00096351866638504601
16304,0.00063965372403367320
16305,0.00001148031671117196
16306,0.00000680842591181334
16307,0.51090272392721780559
16308,0.00181841387095384079
16309,0.00075017926154950212
16310,0.00406909728427204843
16311,0.00005463002005582784
16312,0.01649265710787685760
16313,0.03129563382845998443
16314,0.00009100705625442541
16315,0.02151801464655010709
16316,0.00007179983146062756
16317,0.00003450538468949526
16318,0.00042444702394061636
16319,0.04330861958310208704
16320,0.34309560035905045661
16321,0.00007061312113243459
16322,0.00007122459250312605
16323,0.89584571550177138910
16324,0.00336031742987796074
16325,0.00001148031671117196
16326,0.00001148031671117196
16327,0.00052719524054927770
16328,0.00017826608826047163
16329,0.56006935949056779744
16330,0.03542810991500992823
16331,0.00071222255436167363
16332,0.00016212111510792128
16333,0.00085274783124997765
16334,0.20974608790817478310
16335,0.00001573924703707699
16336,0.00019838458701534032
16337,0.00009639002968523819
16338,0.00042690327786474289
16339,0.00031715386534886443
16340,0.00016293782658885163
16341,0.00021259462592802000
16342,0.00017001443175802835
16343,0.00085274783124997765
16344,0.00003551427823498248
16345,0.01271225901493644103
16346,0.00014367548414990345
16347,0.00000680842591181334
16348,0.00004296860594488825
16349,0.00302738573615521410
16350,0.00003450538468949526
16351,0.92611745459669436720
16352,0.09828672069633666297
16353,0.00028723972607162470
16354,0.00101116937855405260
16355,0.00004197858746139734
16356,0.58954180301409953024
16357,0.00302738573615521410
16358,0.00004996525799114136
16359,0.00000680842591181334
16360,0.00017001443175802835
16361,0.00008474142274440299
16362,0.25826717770155060983
16363,0.14828174240910990678
16364,0.00109146749018984926
16365,0.00008767766203652270
16366,0.00009687049176069012
16367,0.00742359300461530643
16368,0.61042116732598739048
16369,0.90385768576123415308
16370,0.02151801464655010362
16371,0.00163665008180735962
16372,0.00013696136556682598
16373,0.00014457807658531033
16374,0.00005561190038609972
16375,0.00017001443175802835
16376,0.00070721159066439144
16377,0.00516386241701788547
16378,0.00010338721195716416
16379,0.00030760625921296981
16380,0.00406909728427204843
16381,0.01423565972651393008
16382,0.00053393725226255032
16383,0.00513196191916624311
16384,0.00013412337605426516
16385,0.00122338780358618115
16386,0.01044117549620953225
16387,0.00005675525774180431
16388,0.00008323451877541916
16389,0.00019838458701534032
16390,0.00071222255436167363
16391,0.00022773409066977187
16392,0.34309560035905045661
16393,0.00345837372256624625
16394,0.00101116937855405260
16395,0.00008206295784770782
16396,0.00096351866638504601
16397,0.00850098276251386349
16398,0.00009862424133417916
16399,0.00055180055367627710
16400,0.39887234793824438706
16401,0.51090272392721791661
16402,0.00003950782646203450
16403,0.00060694711766834668
16404,0.00282840787263050498
16405,0.00530340547975653893
16406,0.00372562526513569268
16407,0.00033689222388499099
16408,0.00008800902564239958
16409,0.00674974595903581141
16410,0.81134106716696685613
16411,0.27895844086632615166
16412,0.00052719524054927770
16413,0.00004406864321074383
16414,0.00001148031671117196
16415,0.00052719524054927770
16416,0.03896062511579287402
16417,0.00742359300461530643
16418,0.00001148031671117196
16419,0.00003324610594789599
16420,0.02128314427142304413
16421,0.00013412337605426516
16422,0.00224138008905981796
16423,0.00001148031671117196
16424,0.00005531222474813844
16425,0.00019511381924376553
16426,0.00001641366913293211
16427,0.00006138431580893332
16428,0.00075856879429961994
16429,0.00031715386534886443
16430,0.00008424434191902187
16431,0.00031715386534886443
16432,0.00490311949785552509
16433,0.00013655146212257307
16434,0.00049988551045181454
16435,0.00001641366913293211
16436,0.51090272392721780559
16437,0.00012582888049726169
16438,0.02426746817061227468
16439,0.00021685143889599534
16440,0.51090272392721780559
16441,0.01340898467792701193
16442,0.01077783267527662042
16443,0.00000680842591181334
16444,0.51090272392721791661
16445,0.00003652212323875587
16446,0.00117813052606508635
16447,0.00008096887367034194
16448,0.00074901736431738197
16449,0.00035025173815913358
16450,0.00000680842591181334
16451,0.00018975015248319551
16452,0.00014751821384671420
16453,0.80688763059159596125
16454,0.03129563382845998443
16455,0.01206988366294625172
16456,0.00012392662522642497
16457,0.01608009472772591389
16458,0.00017001443175802835
16459,0.00013655146212257307
16460,0.00009687049176069012
16461,0.00016293782658885163
16462,0.00096351866638504601
16463,0.00005953721257964543
16464,0.00044689104359332062
16465,0.34309560035905045661
16466,0.00016293782658885163
16467,0.01340898467792701020
16468,0.00005561190038609972
16469,0.51090272392721791661
16470,0.00003324610594789599
16471,0.24911964228749691741
16472,0.00810521366562884198
16473,0.00008424434191902187
16474,0.00367494443642591611
16475,0.92611745459669447822
16476,0.91490394873478664284
16477,0.00034877045068789139
16478,0.00009348019700755952
16479,0.00001641366913293211
16480,0.51090272392721780559
16481,0.00186628917962768158
16482,0.00294211797315608497
16483,0.00052719524054927770
16484,0.00029896099612695796
16485,0.00007122459250312605
16486,0.00156250799290066520
16487,0.00001148031671117196
16488,0.00000680842591181334
16489,0.00003324610594789599
16490,0.00016293782658885163
16491,0.91490394873478664284
16492,0.01237004211926145784
16493,0.00000680842591181334
16494,0.00009348019700755952
16495,0.00001641366913293211
16496,0.78864506006949586236
16497,0.00069534818820260946
16498,0.00067347972540833143
16499,0.67628804401020947701
16500,0.00742359300461530643
16501,0.00096351866638504601
16502,0.02392776175377727202
16503,0.00067347972540833143
16504,0.00013800725277793993
16505,0.00000680842591181334
16506,0.00033263973090165314
16507,0.00016485491598593419
16508,0.00001573924703707699
16509,0.00003950782646203450
16510,0.38527732912283441102
16511,0.00017001443175802835
16512,0.00041849534906316906
16513,0.00042454559894684868
16514,0.00435162100219881488
16515,0.00001946486874605702
16516,0.51090272392721780559
16517,0.00009348019700755952
16518,0.00013800725277793993
16519,0.00005561190038609972
16520,0.00231591973014944443
16521,0.00000680842591181334
16522,0.00013655146212257307
16523,0.00727706352181421798
16524,0.01077783267527662042
16525,0.00004197858746139734
16526,0.00005561190038609972
16527,0.00810521366562884198
16528,0.00003450538468949526
16529,0.98421674182596174951
16530,0.06475537882121773503
16531,0.00013800725277793993
16532,0.76333758259254780310
16533,0.78864506006949586236
16534,0.00017890473860290003
16535,0.00013800725277793993
16536,0.62183320748830539504
16537,0.02819799719913016964
16538,0.00021259462592802000
16539,0.51090272392721791661
16540,0.00915273915595198571
16541,0.00020746746685682585
16542,0.00026510091139882088
16543,0.00004197858746139734
16544,0.00021685143889599534
16545,0.41051246075308384098
16546,0.01242891583447539548
16547,0.00001148031671117196
16548,0.00381799609268227520
16549,0.00009639002968523819
16550,0.00017001443175802835
16551,0.00527981627276254053
16552,0.80688763059159596125
16553,0.00013800725277793993
16554,0.00005623078461083006
16555,0.01608009472772591389
16556,0.00006392388465446808
16557,0.00071222255436167363
16558,0.00050649448908599948
16559,0.00041720497850810935
16560,0.00282840787263050498
16561,0.00005338285038267673
16562,0.00000680842591181334
16563,0.00041720497850810935
16564,0.01171017860443145965
16565,0.00000680842591181334
16566,0.24911964228749691741
16567,0.00462671950615134529
16568,0.02165182043335523582
16569,0.00810521366562884198
16570,0.00008869352274973021
16571,0.00003450538468949526
16572,0.00957941256550432288
16573,0.00041720497850810935
16574,0.14828174240910990678
16575,0.00054717582728842104
16576,0.00013412337605426516
16577,0.00009687049176069012
16578,0.00003450538468949526
16579,0.00014367548414990345
16580,0.41051246075308378547
16581,0.00004296860594488825
16582,0.00001148031671117196
16583,0.00016293782658885163
16584,0.00001749289291029305
16585,0.02927786968278680776
16586,0.00004296860594488825
16587,0.80688763059159596125
16588,0.00490311949785552509
16589,0.81134106716696685613
16590,0.00000680842591181334
16591,0.00052719524054927770
16592,0.00085274783124997765
16593,0.01257858141624046758
16594,0.02220410898255825369
16595,0.78864506006949586236
16596,0.00037942830838701814
16597,0.00003324610594789599
16598,0.00060694711766834668
16599,0.00016293782658885163
16600,0.00011584967291630653
16601,0.00004197858746139734
16602,0.00010047889278616216
16603,0.00290126028341887747
16604,0.19878846849930356666
16605,0.00001718180713661295
16606,0.00015743026254139261
16607,0.00006751265089104195
16608,0.00030427307999961997
16609,0.51090272392721780559
16610,0.51090272392721780559
16611,0.00052719524054927770
16612,0.00028686582330233942
16613,0.00727706352181421798
16614,0.00019838458701534032
16615,0.00005561190038609972
16616,0.39887234793824433154
16617,0.00013412337605426516
16618,0.00005463002005582784
16619,0.00001148031671117196
16620,0.00060694711766834668
16621,0.00151598760770748817
16622,0.00004296860594488825
16623,0.01431900096819803750
16624,0.00052719524054927770
16625,0.13259636157028556469
16626,0.00865356834197578487
16627,0.51090272392721780559
16628,0.00079427240360034331
16629,0.00426863517829199207
16630,0.00018284174644106368
16631,0.00096351866638504601
16632,0.25826717770155060983
16633,0.00004406864321074383
16634,0.00009488407837576776
16635,0.00671133571498012255
16636,0.99374126215486058289
16637,0.00015354963089977625
16638,0.00016293782658885163
16639,0.00001641366913293211
16640,0.01340898467792701367
16641,0.00052719524054927770
16642,0.68256843469238726030
16643,0.51090272392721780559
16644,0.00004197858746139734
16645,0.81134106716696696715
16646,0.00031715386534886443
16647,0.00008424434191902187
16648,0.00101116937855405260
16649,0.00004296860594488825
16650,0.00017001443175802835
16651,0.00025298420204728926
16652,0.00001148031671117196
16653,0.00008323451877541916
16654,0.00135476348842189249
16655,0.00586697461484976882
16656,0.01608009472772591389
16657,0.06943250242655217563
16658,0.00104558201584188160
16659,0.00016212111510792128
16660,0.00056653562884814387
16661,0.00005561190038609972
16662,0.00166896628506344466
16663,0.00016293782658885163
16664,0.24911964228749694517
16665,0.00007407316314373011
16666,0.04532878927930708568
16667,0.00002616622535733674
16668,0.00282840787263050498
16669,0.00028686582330233942
16670,0.00005338285038267673
16671,0.83768038164295488546
16672,0.01447902260866907286
16673,0.01558042427224832875
16674,0.00015743026254139261
16675,0.00530340547975653893
16676,0.00049100804313191094
16677,0.00000680842591181334
16678,0.00009639002968523819
16679,0.00030356568299233093
16680,0.00015354963089977625
16681,0.00008659723840757886
16682,0.00007061312113243459
16683,0.01803350139224340828
16684,0.00312147006696716261
16685,0.51090272392721791661
16686,0.00031715386534886443
16687,0.00007932711971563477
16688,0.00016867035834353098
16689,0.85150192844856076313
16690,0.51090272392721780559
16691,0.16208698702589513507
16692,0.00020746746685682585
16693,0.00085274783124997765
16694,0.00005561190038609972
16695,0.00008800902564239958
16696,0.00027597641880848864
16697,0.00009488407837576776
16698,0.51090272392721780559
16699,0.49882481026686886771
16700,0.00073404801332519886
16701,0.00031715386534886443
16702,0.00050525322788570282
16703,0.00010469864501107762
16704,0.01271225901493644103
16705,0.00302738573615521410
16706,0.80688763059159596125
16707,0.00203636485554489809
16708,0.00074127123120264053
16709,0.51090272392721791661
16710,0.00043360884908914767
16711,0.01271225901493644103
16712,0.00013412337605426516
16713,0.95918886831643723756
16714,0.00034877045068789139
16715,0.00822217700267445159
16716,0.00012392662522642497
16717,0.00007932711971563477
16718,0.00003324610594789599
16719,0.51090272392721780559
16720,0.00079427240360034331
16721,0.91490394873478664284
16722,0.07077663375221486530
16723,0.51090272392721780559
16724,0.00008096887367034194
16725,0.00033689222388499099
16726,0.00004197858746139734
16727,0.00003324610594789599
16728,0.03555274988385848101
16729,0.00013800725277793993
16730,0.93378303991260336314
16731,0.00345837372256624625
16732,0.01986733444252916647
16733,0.00000680842591181334
16734,0.00001573924703707699
16735,0.02385187793408529919
16736,0.00016212111510792128
16737,0.00001946486874605702
16738,0.34309560035905045661
16739,0.02484465235013655349
16740,0.00029896099612695796
16741,0.00393033228841622138
16742,0.00013800725277793993
16743,0.00004296860594488825
16744,0.00007122459250312605
16745,0.14828174240910990678
16746,0.00005953721257964543
16747,0.41051246075308378547
16748,0.72069710294232802728
16749,0.00028723972607162470
16750,0.00073404801332519886
16751,0.02371649307922404568
16752,0.00264689569787023102
16753,0.00052719524054927770
16754,0.09828672069633666297
16755,0.00016293782658885163
16756,0.01194565761122435947
16757,0.00004296860594488825
16758,0.00608431479698937072
16759,0.00009967353104107101
16760,0.00336031742987796074
16761,0.02318998153279918512
16762,0.00071222255436167363
16763,0.51090272392721780559
16764,0.00011245322807111254
16765,0.00067347972540833143
16766,0.00003324610594789599
16767,0.03896062511579287402
16768,0.00617933464781411125
16769,0.91263194044145989903
16770,0.00013655146212257307
16771,0.69679353474225069753
16772,0.01092226063058641949
16773,0.00016264739675250111
16774,0.00005561190038609972
16775,0.00001946486874605702
16776,0.00020746746685682585
16777,0.95203164667706352553
16778,0.01333318792961368966
16779,0.00001573924703707699
16780,0.78864506006949586236
16781,0.01969254896572992727
16782,0.00074127123120264053
16783,0.00031681124754300401
16784,0.00037942830838701814
16785,0.00004197858746139734
16786,0.00011245322807111254
16787,0.00005953721257964543
16788,0.00168197755454511434
16789,0.00010469864501107762
16790,0.00003551427823498248
16791,0.74726044946496972265
16792,0.00151422954492644031
16793,0.00013412337605426516
16794,0.01237004211926145784
16795,0.00022773409066977187
16796,0.98421674182596174951
16797,0.00016212111510792128
16798,0.00056815758436926328
16799,0.00113132110153384342
16800,0.00028547972711223538
16801,0.02438615727045066045
16802,0.74649338103396900568
16803,0.00006630297898836206
16804,0.00161088034485146973
16805,0.69902696267491248872
16806,0.00958805601421564360
16807,0.82554321530149976649
16808,0.15974523563258780090
16809,0.00029106944348416760
16810,0.94812679639514951813
16811,0.00179507719172631664
16812,0.91429841211554130354
16813,0.19112817866380277243
16814,0.06777687284781459820
16815,0.99650875743576983190
16816,0.08943318562921656611
16817,0.94812679639514951813
16818,0.03045201178709453990
16819,0.94812679639514951813
16820,0.00120864700506468302
16821,0.94812679639514951813
16822,0.99076993185635364725
16823,0.00007383174442817917
16824,0.59552408398905987141
16825,0.00880907288881200429
16826,0.96007184647903387464
16827,0.16830041333284584404
16828,0.97454221319373923738
16829,0.00392025467831947326
16830,0.00225816580482773172
16831,0.65371215096697288249
16832,0.36274704192379908507
16833,0.91429841211554130354
16834,0.00021997152922721510
16835,0.59552408398905987141
16836,0.25307956496851746753
16837,0.00115508297118283119
16838,0.01847613372286175532
16839,0.93754738145740090793
16840,0.03277263148375600399
16841,0.00006454013555412030
16842,0.94812679639514951813
16843,0.00120864700506468302
16844,0.00704926474248078992
16845,0.94812679639514951813
16846,0.00023799769123632333
16847,0.06108291931794077728
16848,0.00021997152922721510
16849,0.49534626653864993751
16850,0.00276772340060222341
16851,0.94812679639514951813
16852,0.69902696267491248872
16853,0.00552391828004277895
16854,0.94812679639514951813
16855,0.97950421869976489475
16856,0.00019186678342690235
16857,0.74649338103396900568
16858,0.02837566682945683039
16859,0.25307956496851741202
16860,0.01123832753186121067
16861,0.99198203023930842104
16862,0.01247726458506361567
16863,0.30649615455804396502
16864,0.00040788122688756632
16865,0.58656164278837175097
16866,0.97454221319373934840
16867,0.24581869670393061145
16868,0.30726822592129954259
16869,0.01241292717202063974
16870,0.00007383174442817917
16871,0.12751042495791978237
16872,0.09874940489775120567
16873,0.19201324430184096848
16874,0.01008759999002944822
16875,0.00611231857143199487
16876,0.01560583772943465938
16877,0.00018978508857275621
16878,0.00500694329809131880
16879,0.06135993354810626021
16880,0.96007184647903387464
16881,0.01148364604874621032
16882,0.02837566682945683039
16883,0.89944827435277918681
16884,0.00225816580482773172
16885,0.76854988863097561946
16886,0.00007383174442817917
16887,0.00368150965925035170
16888,0.07252114578150543889
16889,0.00007383174442817917
16890,0.91429841211554130354
16891,0.01785166577286027498
16892,0.00006630297898836206
16893,0.00193447693961275920
16894,0.94812679639514951813
16895,0.54894344044135745531
16896,0.94812679639514951813
16897,0.94812679639514951813
16898,0.00007383174442817917
16899,0.97454221319373923738
16900,0.94812679639514951813
16901,0.12493472146987699700
16902,0.66002185898656129392
16903,0.52869740654946506542
16904,0.00080608942923460821
16905,0.00018978508857275621
16906,0.86319057852957681298
16907,0.12493472146987699700
16908,0.00428674234391673674
16909,0.01274931748446975037
16910,0.00042073059835574301
16911,0.80782788807294148015
16912,0.00007383174442817917
16913,0.50408929562262949631
16914,0.94812679639514951813
16915,0.02837566682945683039
16916,0.24914284364044120279
16917,0.00225816580482773172
16918,0.39029806593289956274
16919,0.28924494905350672802
16920,0.03821217927135854564
16921,0.00029106944348416760
16922,0.00203393400815015789
16923,0.10320689520421706675
16924,0.00003303944352385576
16925,0.00007383174442817917
16926,0.00038532437814599578
16927,0.10785414482027938510
16928,0.03821217927135854564
16929,0.92523188956007385020
16930,0.00060814219422697423
16931,0.00800283528400897413
16932,0.16064883273160576738
16933,0.12493472146987699700
16934,0.14764195910604743789
16935,0.86319057852957670196
16936,0.00392025467831947326
16937,0.01295712144747092343
16938,0.00003897888724216803
16939,0.54894344044135745531
16940,0.00029106944348416760
16941,0.75079465594393768324
16942,0.03788948697380875585
16943,0.88179450762011357678
16944,0.94812679639514951813
16945,0.03881487486146555782
16946,0.64619507710258672351
16947,0.00125917782335322587
16948,0.02085378650354898986
16949,0.02050952664039671844
16950,0.00019820391840729240
16951,0.94812679639514951813
16952,0.00693128040014479290
16953,0.37155335357530561158
16954,0.94643245815642262908
16955,0.00007383174442817917
16956,0.00193243382988690540
16957,0.00020403225600772380
16958,0.94812679639514951813
16959,0.98619509068197397372
16960,0.00007383174442817917
16961,0.95586290329377243680
16962,0.00029106944348416760
16963,0.00060814219422697423
16964,0.00769326045363704931
16965,0.00055347246826548135
16966,0.56235308494562796788
16967,0.00086952756547392304
16968,0.02454317141983872533
16969,0.00007383174442817917
16970,0.67532357290770883562
16971,0.00009307668980100882
16972,0.89424743519636007427
16973,0.94812679639514951813
16974,0.00007383174442817917
16975,0.96225506505919655709
16976,0.99198203023930842104
16977,0.08943318562921656611
16978,0.40928494367419188116
16979,0.45996536874528587413
16980,0.00024774262211950030
16981,0.96007184647903387464
16982,0.00007383174442817917
16983,0.75079465594393768324
16984,0.00904512282164728759
16985,0.30726822592129959810
16986,0.06346533687027020032
16987,0.74649338103396900568
16988,0.00026679466255874880
16989,0.90880939341935051967
16990,0.74649338103396900568
16991,0.00225816580482773172
16992,0.68098342195380323627
16993,0.00012847446227685493
16994,0.75079465594393768324
16995,0.04567450902982004429
16996,0.01057692053536720030
16997,0.00052145184568716649
16998,0.36274704192379908507
16999,0.54894344044135745531
17000,0.00577498194869144159
17001,0.00007383174442817917
17002,0.00037804754188324721
17003,0.92055932295432352230
17004,0.00016920337475333013
17005,0.10327120100526714086
17006,0.00481712142211909982
17007,0.94812679639514951813
17008,0.94812679639514951813
17009,0.00149425567215418376
17010,0.01257406163298576199
17011,0.00051415456999156486
17012,0.06989929260679354772
17013,0.00035000867057611478
17014,0.00225816580482773172
17015,0.00353691603022722933
17016,0.16895095239429658296
17017,0.15156212915854111456
17018,0.98031113143289472234
17019,0.00234611280346280976
17020,0.86319057852957681298
17021,0.00007383174442817917
17022,0.14764195910604743789
17023,0.00149425567215418376
17024,0.63490037710165525553
17025,0.00120864700506468302
17026,0.18468053248488766616
17027,0.94812679639514951813
17028,0.00131837914597907925
17029,0.59552408398905987141
17030,0.94812679639514951813
17031,0.00305106870559826568
17032,0.82928082129727065386
17033,0.03147176185136022625
17034,0.09395605201223035385
17035,0.03821217927135854564
17036,0.00467200593173589494
17037,0.00015665154255325143
17038,0.14440584962476796238
17039,0.19201324430184096848
17040,0.61924884464797291805
17041,0.98619509068197397372
17042,0.02050952664039671844
17043,0.37064725314183560867
17044,0.76854988863097561946
17045,0.01463513471193372655
17046,0.15156212915854111456
17047,0.87931973566027854528
17048,0.00009307668980100882
17049,0.91796384073821268856
17050,0.96007184647903387464
17051,0.38223339063227196322
17052,0.03095788519113482767
17053,0.00758482817066678371
17054,0.70598286846699453978
17055,0.94812679639514951813
17056,0.16975250156905594134
17057,0.94812679639514951813
17058,0.09015763376631644177
17059,0.15856843193138850379
17060,0.45787913577992483960
17061,0.40635438189011746646
17062,0.02966431645336985168
17063,0.12751042495791978237
17064,0.65885849740039958977
17065,0.00225816580482773172
17066,0.89174942743218521546
17067,0.06906878351380517367
17068,0.00345726206447331472
17069,0.88937475674280053184
17070,0.96007184647903387464
17071,0.83559284448935466916
17072,0.97454221319373923738
17073,0.94812679639514951813
17074,0.00003303944352385576
17075,0.01505546323963117238
17076,0.01008077901385202001
17077,0.00368150965925035170
17078,0.00368150965925035170
17079,0.29582963371678955289
17080,0.00035000867057611478
17081,0.00611231857143199487
17082,0.00006630297898836206
17083,0.94812679639514951813
17084,0.03334602143148329007
17085,0.89174942743218521546
17086,0.92385345719674349940
17087,0.31047826913786485958
17088,0.00225816580482773172
17089,0.03382505084477120672
17090,0.00174387871187415980
17091,0.00584787958880980414
17092,0.00179896838685814271
17093,0.00225816580482773172
17094,0.94812679639514951813
17095,0.00021997152922721510
17096,0.00154818053559910209
17097,0.64065325945457562984
17098,0.00095443786262247165
17099,0.00193447693961275920
17100,0.85484822231851309571
17101,0.00029106944348416760
17102,0.00103265326829606757
17103,0.95325560882121829209
17104,0.18275832827177562745
17105,0.54894344044135745531
17106,0.00779094030118685291
17107,0.00007383174442817917
17108,0.69902696267491248872
17109,0.01463513471193372655
17110,0.00958805601421564360
17111,0.98634121578023403742
17112,0.01081184845365110343
17113,0.12493472146987699700
17114,0.00273238441312909086
17115,0.00368150965925035170
17116,0.03821217927135854564
17117,0.94812679639514951813
17118,0.00056844301257269469
17119,0.19558453731356326144
17120,0.00102882094834240521
17121,0.04582269264126941771
17122,0.95325560882121829209
17123,0.01275807828781993711
17124,0.00007383174442817917
17125,0.37779857920213938405
17126,0.04936081496897757465
17127,0.94812679639514951813
17128,0.00007383174442817917
17129,0.01719611423315456702
17130,0.00036518269866247924
17131,0.00043053153917396383
17132,0.86441715132854735071
17133,0.11389833764084010548
17134,0.09015763376631644177
17135,0.19112817866380280019
17136,0.12493472146987699700
17137,0.04063287777235552456
17138,0.38874551767580889372
17139,0.00029106944348416760
17140,0.94812679639514951813
17141,0.00010354916279775062
17142,0.73207477365783057977
17143,0.00904756247502448360
17144,0.94812679639514951813
17145,0.01856047422481117357
17146,0.02727944023601773862
17147,0.00217889845618443080
17148,0.00010354916279775062
17149,0.02386053318982348306
17150,0.05243692748480741767
17151,0.40635438189011746646
17152,0.59552408398905987141
17153,0.08218830318094383358
17154,0.04537231758046266633
17155,0.94812679639514951813
17156,0.94812679639514951813
17157,0.02050952664039671844
17158,0.09874940489775120567
17159,0.00133433934145269699
17160,0.99888836887387533192
17161,0.00316401520062662041
17162,0.43814486037431626952
17163,0.07068727302641808485
17164,0.06346533687027021420
17165,0.90146257696879261712
17166,0.09015763376631644177
17167,0.74649338103396900568
17168,0.01295834192585544782
17169,0.02666026657028257307
17170,0.00368150965925035170
17171,0.00217889845618443080
17172,0.98634121578023403742
17173,0.11161164936248754720
17174,0.54894344044135745531
17175,0.01240750480436845007
17176,0.03636057409189879380
17177,0.97428583208009789107
17178,0.54894344044135745531
17179,0.00007383174442817917
17180,0.94812679639514951813
17181,0.02837566682945683039
17182,0.00007383174442817917
17183,0.00029106944348416760
17184,0.00051659336506143917
17185,0.96007184647903387464
17186,0.00060814219422697423
17187,0.00055347246826548135
17188,0.00179507719172631664
17189,0.92174466032587254460
17190,0.97172474138376030428
17191,0.00561546659506723372
17192,0.63490037710165525553
17193,0.00769326045363704931
17194,0.08943318562921656611
17195,0.95586290329377243680
17196,0.00481712142211910069
17197,0.00007383174442817917
17198,0.07866822111646372406
17199,0.94812679639514951813
17200,0.01030056270406098755
17201,0.02572758224540022329
17202,0.99277611810010280013
17203,0.49447304172392614330
17204,0.30726822592129954259
17205,0.96914354668780211544
17206,0.56235308494562796788
17207,0.09395605201223035385
17208,0.00007383174442817917
17209,0.78463033894716904815
17210,0.00084110731712666988
17211,0.00958805601421564360
17212,0.00151035238560898915
17213,0.03095788519113483114
17214,0.63490037710165525553
17215,0.00958805601421564360
17216,0.01078057567440193244
17217,0.86319057852957681298
17218,0.00611231857143199487
17219,0.00179507719172631664
17220,0.94812679639514951813
17221,0.95586290329377243680
17222,0.92423039738002676913
17223,0.11389833764084010548
17224,0.94643245815642262908
17225,0.98619509068197397372
17226,0.00007383174442817917
17227,0.07252114578150543889
17228,0.94812679639514951813
17229,0.95325560882121829209
17230,0.94812679639514951813
17231,0.00486951119693240179
17232,0.56235308494562796788
17233,0.00007383174442817917
17234,0.86940933507063411501
17235,0.96007184647903387464
17236,0.19047944831313262659
17237,0.19112817866380280019
17238,0.43814486037431626952
17239,0.04276996628663590205
17240,0.00225816580482773172
17241,0.48590328503100649327
17242,0.00421752078306825672
17243,0.00016979489449068741
17244,0.60391931290608003025
17245,0.00310708601997808278
17246,0.54894344044135745531
17247,0.02386053318982348306
17248,0.00392025467831947326
17249,0.00174387871187415980
17250,0.29240949385248177217
17251,0.02454317141983872186
17252,0.00370960177135938769
17253,0.04272003600396885592
17254,0.74649338103396900568
17255,0.00244577706652405981
17256,0.49534626653864993751
17257,0.69902696267491248872
17258,0.00077468994774866542
17259,0.00507479214965362701
17260,0.99198203023930842104
17261,0.00392025467831947326
17262,0.97654910270534034389
17263,0.23085519429147519088
17264,0.00007383174442817917
17265,0.95883022531183459414
17266,0.00003303944352385576
17267,0.00958805601421564534
17268,0.54894344044135745531
17269,0.21526984213977978788
17270,0.06724391214686985252
17271,0.96225506505919655709
17272,0.03601894734249977414
17273,0.00007383174442817917
17274,0.00257764045747581241
17275,0.98750173117969342051
17276,0.94812679639514951813
17277,0.00368150965925035170
17278,0.00137873085958023175
17279,0.01195641033476488660
17280,0.00055347246826548135
17281,0.12479268598126609657
17282,0.10785414482027938510
17283,0.00007383174442817917
17284,0.76854988863097561946
17285,0.00040788122688756632
17286,0.06135993354810626021
17287,0.33445827747439044186
17288,0.02213945336069307254
17289,0.02703572187210668762
17290,0.91429841211554130354
17291,0.00257764045747581241
17292,0.00115508297118283119
17293,0.00611231857143199487
17294,0.25307956496851746753
17295,0.00166360822914830907
17296,0.94812679639514951813
17297,0.00389689476379721182
17298,0.94812679639514951813
17299,0.00958805601421564187
17300,0.54210657163277220505
17301,0.00539205908837211978
17302,0.40635438189011746646
17303,0.00769326045363704931
17304,0.00225816580482773172
17305,0.01505546323963117238
17306,0.00386148392761486228
17307,0.91429841211554130354
17308,0.00007383174442817917
17309,0.73914521614495631852
17310,0.04389121884424654341
17311,0.00003303944352385576
17312,0.01563437263483245104
17313,0.91429841211554130354
17314,0.74649338103396900568
17315,0.00057150716238090621
17316,0.12493472146987699700
17317,0.16895095239429658296
17318,0.00023799769123632333
17319,0.75079465594393768324
17320,0.01240750480436845007
17321,0.01098714447189180245
17322,0.00007383174442817917
17323,0.01348679458814242699
17324,0.97454221319373923738
17325,0.00100740877115292407
17326,0.00889403279014143282
17327,0.94812679639514951813
17328,0.95222644707479420223
17329,0.86079804932250925109
17330,0.02137812261916748752
17331,0.56235308494562796788
17332,0.12493472146987699700
17333,0.97571151087614371722
17334,0.89174942743218521546
17335,0.00758482817066678371
17336,0.00007383174442817917
17337,0.97454221319373923738
17338,0.00137873085958023175
17339,0.01339772342446802350
17340,0.14764195910604743789
17341,0.02050952664039671844
17342,0.94812679639514951813
17343,0.94812679639514951813
17344,0.00003303944352385576
17345,0.18468053248488766616
17346,0.82424257073227968906
17347,0.91429841211554130354
17348,0.02966431645336985168
17349,0.96048340648974639411
17350,0.02716035352248496321
17351,0.94812679639514951813
17352,0.00007383174442817917
17353,0.01914924882380949350
17354,0.96763557688974566329
17355,0.94812679639514951813
17356,0.00029106944348416760
17357,0.75079465594393768324
17358,0.12751042495791978237
17359,0.47908074111925252891
17360,0.92704005564518809912
17361,0.00889403279014143282
17362,0.00034337856644613206
17363,0.01240750480436845007
17364,0.00007383174442817917
17365,0.94812679639514951813
17366,0.85484822231851309571
17367,0.01240750480436845007
17368,0.00029106944348416760
17369,0.78636302751080000562
17370,0.02913367903475329312
17371,0.96007184647903387464
17372,0.95883022531183459414
17373,0.94812679639514951813
17374,0.00235836002347638522
17375,0.01328696063341112434
17376,0.86079804932250925109
17377,0.94812679639514951813
17378,0.19112817866380280019
17379,0.94812679639514951813
17380,0.01669124809917454932
17381,0.08764264426732056024
17382,0.12751042495791978237
17383,0.97454221319373923738
17384,0.06906878351380517367
17385,0.76854988863097561946
17386,0.97454221319373923738
17387,0.96007184647903387464
17388,0.00143177262397335410
17389,0.00007383174442817917
17390,0.94812679639514951813
17391,0.14379322185265375200
17392,0.00467200593173589494
17393,0.90586649290214249497
17394,0.00029106944348416760
17395,0.10148184192767986667
17396,0.00007383174442817917
17397,0.54894344044135745531
17398,0.00080608942923460799
17399,0.00018978508857275621
17400,0.00007383174442817917
17401,0.26634198295350269836
17402,0.19201324430184096848
17403,0.86079804932250925109
17404,0.00338299515566345670
17405,0.00007383174442817917
17406,0.00786973944781884684
17407,0.04642703654190240975
17408,0.15526165070968195314
17409,0.98750173117969342051
17410,0.00203393400815015789
17411,0.07143315777527738109
17412,0.42401872271366242151
17413,0.01785166577286027498
17414,0.00052145184568716649
17415,0.94812679639514951813
17416,0.05197278937775905855
17417,0.19902334542454561128
17418,0.54894344044135745531
17419,0.73910781868686181717
17420,0.00010840250363255940
17421,0.89174942743218521546
17422,0.97428583208009789107
17423,0.02966431645336985168
17424,0.00137873085958023175
17425,0.00958805601421564360
17426,0.10221252905713655579
17427,0.00052145184568716649
17428,0.00007383174442817917
17429,0.05910418231758731572
17430,0.02971350239731374715
17431,0.11161164936248754720
17432,0.14856766974590107644
17433,0.94812679639514951813
17434,0.21116814819970905481
17435,0.00958805601421564360
17436,0.18611601773884978162
17437,0.01763125264116111035
17438,0.00481712142211909982
17439,0.01826859824621718600
17440,0.00003303944352385576
17441,0.00769326045363704931
17442,0.00007383174442817917
17443,0.00025469502979121907
17444,0.00029106944348416760
17445,0.78623488038929567612
17446,0.94812679639514951813
17447,0.00037936888496859276
17448,0.00120864700506468302
17449,0.00026679466255874880
17450,0.02966431645336985168
17451,0.00225816580482773172
17452,0.00173162437186203527
17453,0.00007383174442817917
17454,0.00007383174442817917
17455,0.19201324430184096848
17456,0.00200782015060634164
17457,0.98619509068197397372
17458,0.06860544722254464933
17459,0.00386148392761486228
17460,0.95044581282610440809
17461,0.02703572187210668762
17462,0.95586290329377243680
17463,0.91429841211554130354
17464,0.00039337677118752039
17465,0.72003552428836781196
17466,0.15785045566924990612
17467,0.01782803584612772940
17468,0.00023123026635103356
17469,0.00003303944352385576
17470,0.95266617894068483796
17471,0.01247726458506361567
17472,0.86319057852957681298
17473,0.00434832235949277144
17474,0.91429841211554130354
17475,0.00225816580482773172
17476,0.00308948666361923792
17477,0.00017284292021884254
17478,0.00143177262397335410
17479,0.00257764045747581241
17480,0.54894344044135745531
17481,0.78463033894716893712
17482,0.10785414482027938510
17483,0.00958805601421564534
17484,0.74000161792888363710
17485,0.00392025467831947326
17486,0.02050952664039671844
17487,0.03923864567669046316
17488,0.00021997152922721510
17489,0.01129228701355067775
17490,0.04416363977194822515
17491,0.00094855955640009003
17492,0.95826625729337833182
17493,0.81539615517253227761
17494,0.00103616205493607975
17495,0.00345726206447331472
17496,0.17180654571812609133
17497,0.94812679639514951813
17498,0.94812679639514951813
17499,0.89831208780437055150
17500,0.12578221872555470084
17501,0.00428674234391673674
17502,0.93578513434951948735
17503,0.00564177656608351105
17504,0.03306006156329624468
17505,0.07531152761023887643
17506,0.79700488442122852106
17507,0.91429841211554130354
17508,0.00193447693961275920
17509,0.58656164278837175097
17510,0.01595222086649565954
17511,0.02966431645336985168
17512,0.00029106944348416760
17513,0.81994875608281836410
17514,0.07338643290009634612
17515,0.02732099275661020732
17516,0.05846820769001200707
17517,0.06906878351380517367
17518,0.11161164936248754720
17519,0.43814486037431626952
17520,0.04537231758046266633
17521,0.72967719924157492528
17522,0.38192253557319127966
17523,0.00077468994774866542
17524,0.00115508297118283119
17525,0.02273004504756353031
17526,0.01546142158979612290
17527,0.94812679639514951813
17528,0.85484822231851309571
17529,0.03095788519113483114
17530,0.00008586530454354946
17531,0.12751042495791978237
17532,0.73494007863653587620
17533,0.02450107838214016925
17534,0.06902024572434226068
17535,0.97829099835950628083
17536,0.00029106944348416760
17537,0.00007383174442817917
17538,0.21116814819970905481
17539,0.97666679327122130072
17540,0.00584787958880980414
17541,0.00986727507386563757
17542,0.04063287777235552456
17543,0.00179896838685814271
17544,0.10566153798704110145
17545,0.00017284292021884254
17546,0.33697819939890200081
17547,0.79435165619357894773
17548,0.02892569451753477031
17549,0.00060814219422697423
17550,0.00257575080083521880
17551,0.00668104341615014495
17552,0.95883022531183459414
17553,0.98619509068197397372
17554,0.05910418231758731572
17555,0.01539754737881015093
17556,0.69680027002264699476
17557,0.00101814389777024703
17558,0.03341910902129244937
17559,0.00225816580482773172
17560,0.00080608942923460821
17561,0.97654910270534034389
17562,0.00958805601421564534
17563,0.14856766974590107644
17564,0.49534626653864993751
17565,0.94812679639514951813
17566,0.97700587432446039937
17567,0.96225506505919655709
17568,0.00392025467831947326
17569,0.00392025467831947326
17570,0.01123832753186121067
17571,0.00007383174442817917
17572,0.59552408398905987141
17573,0.00014421930152325516
17574,0.56235308494562796788
17575,0.00028706222256281544
17576,0.01505546323963117238
17577,0.87027892511455362534
17578,0.55351966903664695518
17579,0.91429841211554130354
17580,0.89831208780437055150
17581,0.00958805601421564360
17582,0.78463033894716893712
17583,0.01507140792372973874
17584,0.01782803584612772940
17585,0.12306930745304016372
17586,0.00014421930152325516
17587,0.63490037710165525553
17588,0.00154818053559910209
17589,0.45643631566383680020
17590,0.52788795827922807558
17591,0.00064565832062566601
17592,0.00225816580482773172
17593,0.02837566682945683039
17594,0.00225816580482773172
17595,0.94812679639514951813
17596,0.00021997152922721510
17597,0.00584787958880980414
17598,0.95883022531183459414
17599,0.00353691603022722933
17600,0.00486321464064499651
17601,0.00023953873719588406
17602,0.00016902368280725475
17603,0.00025998672181426615
17604,0.00023953873719588406
17605,0.00016902368280725475
17606,0.00023953873719588406
17607,0.00023953873719588406
17608,0.00025998672181426615
17609,0.00015206842371515944
17610,0.98812129768039069777
17611,0.00025998672181426615
17612,0.00023953873719588406
17613,0.00023953873719588406
17614,0.00025998672181426615
17615,0.00023953873719588406
17616,0.00069616582089686611
17617,0.99817502619462539215
17618,0.70224893026388779393
17619,0.00016505082524539974
17620,0.00023953873719588406
17621,0.99817502619462539215
17622,0.00846487316196792641
17623,0.00157016157658030155
17624,0.88715484266050392836
17625,0.00023953873719588406
17626,0.00044553847308918381
17627,0.00023953873719588406
17628,0.00023953873719588406
17629,0.00023953873719588406
17630,0.00023953873719588406
17631,0.00023953873719588406
17632,0.00144266231184390697
17633,0.51399356289078412807
17634,0.03363459795107046763
17635,0.00025998672181426615
17636,0.00023953873719588406
17637,0.99418407155832311251
17638,0.98875577946005399621
17639,0.00023953873719588406
17640,0.00059745527276457763
17641,0.00018203853992678504
17642,0.00023953873719588406
17643,0.00023953873719588406
17644,0.00075504581161005692
17645,0.00023953873719588406
17646,0.00075504581161005692
17647,0.54059864272642266236
17648,0.00023953873719588406
17649,0.00097966086886701201
17650,0.00023953873719588406
17651,0.00015206842371515944
17652,0.00075504581161005692
17653,0.00046753086571926761
17654,0.00025998672181426615
17655,0.00023953873719588406
17656,0.00023953873719588406
17657,0.00023953873719588406
17658,0.00075504581161005692
17659,0.00266728893932852238
17660,0.96705144967384593091
17661,0.94745001202561307529
17662,0.00025998672181426615
17663,0.98139906775635399327
17664,0.00019757904777856770
17665,0.99877450424249725192
17666,0.00023953873719588406
17667,0.97265030180596256937
17668,0.00023953873719588406
17669,0.00023953873719588406
17670,0.00023953873719588406
17671,0.00025998672181426615
17672,0.00046753086571926761
17673,0.01833211455828641021
17674,0.00023953873719588406
17675,0.00025998672181426615
17676,0.00015206842371515944
17677,0.00023953873719588406
17678,0.00023953873719588406
17679,0.00081946347207850182
17680,0.00015206842371515944
17681,0.00018203853992678504
17682,0.00023953873719588406
17683,0.00046753086571926761
17684,0.00023953873719588406
17685,0.00016505082524539974
17686,0.00023953873719588406
17687,0.00157016157658030155
17688,0.00019757904777856770
17689,0.72817235498271437599
17690,0.00015206842371515944
17691,0.03088753828152166966
17692,0.00157016157658030155
17693,0.54059864272642266236
17694,0.00023953873719588406
17695,0.00016505082524539974
17696,0.00016902368280725475
17697,0.00019757904777856770
17698,0.00025998672181426615
17699,0.00023953873719588406
17700,0.00023953873719588406
17701,0.83977270135366977044
17702,0.00170400324898104991
17703,0.00157016157658030155
17704,0.00015206842371515944
17705,0.00023953873719588406
17706,0.00015206842371515944
17707,0.00425042624048898275
17708,0.00023953873719588406
17709,0.00023953873719588406
17710,0.00023953873719588406
17711,0.00025998672181426615
17712,0.00069616582089686611
17713,0.00013235523411388815
17714,0.00023953873719588406
17715,0.00023953873719588406
17716,0.00015206842371515944
17717,0.99606007455746214951
17718,0.00018203853992678504
17719,0.00016505082524539974
17720,0.00055047996364448570
17721,0.96918032211506766060
17722,0.00170400324898104991
17723,0.00023953873719588406
17724,0.00023953873719588406
17725,0.00023953873719588406
17726,0.00023953873719588406
17727,0.00018203853992678504
17728,0.00016505082524539974
17729,0.00023953873719588406
17730,0.00015206842371515944
17731,0.00023953873719588406
17732,0.98900429707077663899
17733,0.00926223475629087481
17734,0.00025998672181426615
17735,0.98109184178204800197
17736,0.00025998672181426615
17737,0.00023953873719588406
17738,0.00025998672181426615
17739,0.00015206842371515944
17740,0.00023953873719588406
17741,0.99241382282165901962
17742,0.34388083136330299672
17743,0.99850590790969062649
17744,0.00081946347207850182
17745,0.00025998672181426615
17746,0.00023953873719588406
17747,0.99912598834635357736
17748,0.00157016157658030155
17749,0.00023953873719588406
17750,0.00023953873719588406
17751,0.95649079899506495028
17752,0.00023953873719588406
17753,0.00922730636051334249
17754,0.00023953873719588406
17755,0.00023953873719588406
17756,0.00023953873719588406
17757,0.00023953873719588406
17758,0.00012194425579109975
17759,0.00016505082524539974
17760,0.00023953873719588406
17761,0.00425042624048898275
17762,0.00023953873719588406
17763,0.00081946347207850182
17764,0.00025998672181426615
17765,0.00023953873719588406
17766,0.00075556386104590049
17767,0.00023953873719588406
17768,0.00023953873719588406
17769,0.00023953873719588406
17770,0.00170400324898104991
17771,0.00266728893932852238
17772,0.94966801392389565972
17773,0.00015206842371515944
17774,0.97535158484189521388
17775,0.00023953873719588406
17776,0.93012278193912634183
17777,0.00025998672181426615
17778,0.66442771249825893776
17779,0.00023953873719588406
17780,0.00018203853992678504
17781,0.00015206842371515944
17782,0.97049357345547226927
17783,0.00018203853992678504
17784,0.00157016157658030155
17785,0.00023953873719588406
17786,0.00025998672181426615
17787,0.00023953873719588406
17788,0.00016902368280725475
17789,0.00023953873719588406
17790,0.00015206842371515944
17791,0.00025998672181426615
17792,0.00025998672181426615
17793,0.00023953873719588406
17794,0.00023953873719588406
17795,0.00023953873719588406
17796,0.00025998672181426615
17797,0.00042667481891070687
17798,0.00023953873719588406
17799,0.00023953873719588406
17800,0.00015206842371515944
17801,0.00081412620254483884
17802,0.00023953873719588406
17803,0.00025998672181426615
17804,0.00075504581161005692
17805,0.00082800809817580980
17806,0.00023953873719588406
17807,0.00069616582089686611
17808,0.00023953873719588406
17809,0.72380015737731395742
17810,0.02857792256494899596
17811,0.00015206842371515944
17812,0.00023953873719588406
17813,0.99008242682494740361
17814,0.00157016157658030155
17815,0.00023953873719588406
17816,0.00018203853992678504
17817,0.15002983093520114166
17818,0.00018203853992678504
17819,0.00023953873719588406
17820,0.00023953873719588406
17821,0.00015206842371515944
17822,0.00023953873719588406
17823,0.00023953873719588406
17824,0.00069616582089686611
17825,0.00023953873719588406
17826,0.00025998672181426615
17827,0.00023953873719588406
17828,0.00023953873719588406
17829,0.00461168027323054230
17830,0.99660324548825829361
17831,0.00023953873719588406
17832,0.23492202707107562309
17833,0.00025998672181426615
17834,0.00025998672181426615
17835,0.00023953873719588406
17836,0.00023953873719588406
17837,0.00023953873719588406
17838,0.99144048546836527347
17839,0.96960120657793480436
17840,0.00015206842371515944
17841,0.98489419221972152041
17842,0.00023953873719588406
17843,0.00015206842371515944
17844,0.00016902368280725475
17845,0.00023953873719588406
17846,0.00069616582089686611
17847,0.00023953873719588406
17848,0.00025998672181426615
17849,0.00023953873719588406
17850,0.00025998672181426615
17851,0.00018203853992678504
17852,0.88810029376789534350
17853,0.51177280505512134923
17854,0.00023953873719588406
17855,0.00157016157658030155
17856,0.00023953873719588406
17857,0.00023953873719588406
17858,0.99881083913307355804
17859,0.95137818369156257337
17860,0.00023953873719588406
17861,0.00023953873719588406
17862,0.00023953873719588406
17863,0.85734325639830744059
17864,0.00023953873719588406
17865,0.00023953873719588406
17866,0.00015206842371515944
17867,0.01264379567959508441
17868,0.00023953873719588406
17869,0.00023953873719588406
17870,0.00023953873719588406
17871,0.00023953873719588406
17872,0.00035431593816122266
17873,0.82559946155135843782
17874,0.99881083913307355804
17875,0.00023953873719588406
17876,0.00023953873719588406
17877,0.00023953873719588406
17878,0.47778494598192389198
17879,0.00023953873719588406
17880,0.00025998672181426615
17881,0.99322298678354925539
17882,0.00023953873719588406
17883,0.00023953873719588406
17884,0.99645880623121563247
17885,0.00023953873719588406
17886,0.99669846380086413173
17887,0.00023953873719588406
17888,0.00023953873719588406
17889,0.00031223682992299315
17890,0.00023953873719588406
17891,0.00023953873719588406
17892,0.00023953873719588406
17893,0.00023953873719588406
17894,0.00023953873719588406
17895,0.00157016157658030155
17896,0.00023953873719588406
17897,0.00425042624048898275
17898,0.00075504581161005692
17899,0.00023953873719588406
17900,0.15202490554359304742
17901,0.00023953873719588406
17902,0.00025998672181426615
17903,0.00023953873719588406
17904,0.00023953873719588406
17905,0.97023796403389661602
17906,0.00015206842371515944
17907,0.00023953873719588406
17908,0.00097966086886701201
17909,0.00015206842371515944
17910,0.00012194425579109975
17911,0.00023953873719588406
17912,0.00015206842371515944
17913,0.00035431593816122266
17914,0.00023953873719588406
17915,0.00015206842371515944
17916,0.00023953873719588406
17917,0.80742963407496315398
17918,0.00025998672181426615
17919,0.00016505082524539974
17920,0.00023953873719588406
17921,0.00023953873719588406
17922,0.00023953873719588406
17923,0.00023953873719588406
17924,0.00075504581161005692
17925,0.85724963180718238842
17926,0.99907131822114503272
17927,0.00023953873719588406
17928,0.93195811388283311683
17929,0.98946493641047972289
17930,0.00023953873719588406
17931,0.00015206842371515944
17932,0.96918032211506766060
17933,0.00023953873719588406
17934,0.00016902368280725475
17935,0.00023953873719588406
17936,0.00016902368280725475
17937,0.00015206842371515944
17938,0.00015206842371515944
17939,0.00023953873719588406
17940,0.00023953873719588406
17941,0.00023953873719588406
17942,0.00025998672181426615
17943,0.00157016157658030155
17944,0.00031034507277898527
17945,0.00016505082524539974
17946,0.00023953873719588406
17947,0.00075556386104590049
17948,0.99856256402723209131
17949,0.00023953873719588406
17950,0.98033739634696370757
17951,0.19688738372895153717
17952,0.00023953873719588406
17953,0.00023953873719588406
17954,0.00023953873719588406
17955,0.00015206842371515944
17956,0.00015206842371515944
17957,0.00023953873719588406
17958,0.00023953873719588406
17959,0.00016902368280725475
17960,0.00075504581161005692
17961,0.00023953873719588406
17962,0.00018203853992678504
17963,0.00015206842371515944
17964,0.00018203853992678504
17965,0.00023953873719588406
17966,0.00025998672181426615
17967,0.00926223475629087481
17968,0.00283763788383347261
17969,0.00023953873719588406
17970,0.00015206842371515944
17971,0.98928548156156081994
17972,0.98862769720979915000
17973,0.00023953873719588406
17974,0.00268256798096746119
17975,0.83213397031239366708
17976,0.00075504581161005692
17977,0.00023953873719588406
17978,0.00023953873719588406
17979,0.00023953873719588406
17980,0.00023953873719588406
17981,0.00023953873719588406
17982,0.95937908316811182363
17983,0.99460881298265557682
17984,0.00016902368280725475
17985,0.00015206842371515944
17986,0.00023953873719588406
17987,0.00023953873719588406
17988,0.00023953873719588406
17989,0.00157016157658030155
17990,0.00015206842371515944
17991,0.97023796403389661602
17992,0.00025998672181426615
17993,0.00023953873719588406
17994,0.00015206842371515944
17995,0.00202285755394421935
17996,0.00157016157658030155
17997,0.00016505082524539974
17998,0.00023953873719588406
17999,0.88277607321533790863
18000,0.00023953873719588406
18001,0.00283763788383347261
18002,0.00075504581161005692
18003,0.00023953873719588406
18004,0.99817502619462539215
18005,0.00023953873719588406
18006,0.00023953873719588406
18007,0.00015206842371515944
18008,0.00018203853992678504
18009,0.00025998672181426615
18010,0.00023953873719588406
18011,0.00075504581161005692
18012,0.00075504581161005692
18013,0.00023953873719588406
18014,0.00853980695463997345
18015,0.82059820885467771312
18016,0.00023953873719588406
18017,0.00023953873719588406
18018,0.00025998672181426615
18019,0.00023953873719588406
18020,0.00015206842371515944
18021,0.89704927624964492239
18022,0.17822256915901504848
18023,0.00023953873719588406
18024,0.00023953873719588406
18025,0.00023953873719588406
18026,0.00023953873719588406
18027,0.00023953873719588406
18028,0.00022494284524028155
18029,0.00023953873719588406
18030,0.97995983060853253388
18031,0.00023953873719588406
18032,0.00023953873719588406
18033,0.00023953873719588406
18034,0.94473354719583924055
18035,0.00023953873719588406
18036,0.00015206842371515944
18037,0.00075504581161005692
18038,0.98951126780660814131
18039,0.66160764565196406028
18040,0.00023953873719588406
18041,0.00016505082524539974
18042,0.00025998672181426615
18043,0.00023953873719588406
18044,0.95843894770034110397
18045,0.00023953873719588406
18046,0.98553549171442522692
18047,0.00019757904777856770
18048,0.00015206842371515944
18049,0.00015206842371515944
18050,0.00652418544819936483
18051,0.00023953873719588406
18052,0.99403583460236122349
18053,0.00023953873719588406
18054,0.00268256798096746119
18055,0.99779655094497010648
18056,0.97670576135338493806
18057,0.00018203853992678504
18058,0.00018203853992678504
18059,0.00023953873719588406
18060,0.00023953873719588406
18061,0.00023953873719588406
18062,0.00023953873719588406
18063,0.02089684913875332686
18064,0.00023953873719588406
18065,0.00023953873719588406
18066,0.00023953873719588406
18067,0.00025998672181426615
18068,0.00023953873719588406
18069,0.00019757904777856770
18070,0.00157016157658030155
18071,0.00031034507277898527
18072,0.00023953873719588406
18073,0.00023953873719588406
18074,0.00025998672181426615
18075,0.95654584998138403318
18076,0.00023953873719588406
18077,0.00025998672181426615
18078,0.00023953873719588406
18079,0.00019757904777856770
18080,0.93828226282990101481
18081,0.00846487316196792641
18082,0.00023953873719588406
18083,0.00023953873719588406
18084,0.00016902368280725475
18085,0.00015206842371515944
18086,0.00016505082524539974
18087,0.87201595381272734020
18088,0.90860274160309184577
18089,0.00243324742543942884
18090,0.00015206842371515944
18091,0.00023953873719588406
18092,0.00018203853992678504
18093,0.00097966086886701201
18094,0.00025998672181426615
18095,0.00025998672181426615
18096,0.00023953873719588406
18097,0.00015206842371515944
18098,0.89345623071871693721
18099,0.00025998672181426615
18100,0.00025998672181426615
18101,0.00023953873719588406
18102,0.00069616582089686611
18103,0.00015206842371515944
18104,0.00023953873719588406
18105,0.00025998672181426615
18106,0.00097966086886701201
18107,0.00023953873719588406
18108,0.00023953873719588406
18109,0.00023953873719588406
18110,0.00023953873719588406
18111,0.00157016157658030155
18112,0.00075504581161005692
18113,0.00015206842371515944
18114,0.00023953873719588406
18115,0.00023953873719588406
18116,0.00023953873719588406
18117,0.00023953873719588406
18118,0.00016505082524539974
18119,0.00015206842371515944
18120,0.00025998672181426615
18121,0.98139906775635399327
18122,0.47778494598192389198
18123,0.00157016157658030155
18124,0.00015206842371515944
18125,0.00023953873719588406
18126,0.00015206842371515944
18127,0.00075504581161005692
18128,0.00023953873719588406
18129,0.00023953873719588406
18130,0.16184335527965543200
18131,0.66160764565196406028
18132,0.00023953873719588406
18133,0.00023953873719588406
18134,0.00015206842371515944
18135,0.00069616582089686611
18136,0.00023068025975678713
18137,0.02677209706427665856
18138,0.00853980695463997345
18139,0.00023953873719588406
18140,0.00023953873719588406
18141,0.00023953873719588406
18142,0.00023953873719588406
18143,0.00015206842371515944
18144,0.00023953873719588406
18145,0.00425042624048898275
18146,0.00025998672181426615
18147,0.00023953873719588406
18148,0.00015206842371515944
18149,0.00018203853992678504
18150,0.00023953873719588406
18151,0.98051247662446394671
18152,0.00018203853992678504
18153,0.00019757904777856770
18154,0.00023953873719588406
18155,0.00023953873719588406
18156,0.99193495954468213771
18157,0.00023953873719588406
18158,0.00023953873719588406
18159,0.00016902368280725475
18160,0.00015206842371515944
18161,0.00025998672181426615
18162,0.00018203853992678504
18163,0.00157016157658030155
18164,0.99592666181188371777
18165,0.92441027960637123240
18166,0.51177280505512134923
18167,0.88537073908272589939
18168,0.00016505082524539974
18169,0.99675123791657371797
18170,0.00023953873719588406
18171,0.00075504581161005692
18172,0.00023953873719588406
18173,0.00023953873719588406
18174,0.00023953873719588406
18175,0.00170400324898104991
18176,0.00023953873719588406
18177,0.00023953873719588406
18178,0.00056881885831982040
18179,0.00846487316196792641
18180,0.00023953873719588406
18181,0.00016505082524539974
18182,0.00069616582089686611
18183,0.00023953873719588406
18184,0.00023953873719588406
18185,0.00157016157658030155
18186,0.00023953873719588406
18187,0.00015206842371515944
18188,0.00730096546042018936
18189,0.00023953873719588406
18190,0.00023953873719588406
18191,0.00018203853992678504
18192,0.00023953873719588406
18193,0.00015206842371515944
18194,0.00023953873719588406
18195,0.00157016157658030155
18196,0.86281375419869577037
18197,0.00023953873719588406
18198,0.00023953873719588406
18199,0.00025998672181426615
18200,0.00062209465202228437
18201,0.00023953873719588406
18202,0.00012194425579109975
18203,0.00157016157658030155
18204,0.00025998672181426615
18205,0.00015206842371515944
18206,0.00016505082524539974
18207,0.00023953873719588406
18208,0.88715484266050392836
18209,0.00023953873719588406
18210,0.00023953873719588406
18211,0.00023953873719588406
18212,0.00075504581161005692
18213,0.98806823724430714595
18214,0.00023953873719588406
18215,0.00023953873719588406
18216,0.00075504581161005692
18217,0.00023953873719588406
18218,0.98561401545912341593
18219,0.98434898138133464229
18220,0.00023953873719588406
18221,0.85218573944237674400
18222,0.00023953873719588406
18223,0.47778494598192389198
18224,0.00023953873719588406
18225,0.00023953873719588406
18226,0.00023953873719588406
18227,0.00015206842371515944
18228,0.81455963622109317512
18229,0.99645880623121563247
18230,0.00018203853992678504
18231,0.07879761695093225049
18232,0.00069616582089686611
18233,0.00023953873719588406
18234,0.00023953873719588406
18235,0.00023953873719588406
18236,0.00015206842371515944
18237,0.00075504581161005692
18238,0.00019757904777856770
18239,0.00075504581161005692
18240,0.00023953873719588406
18241,0.00023953873719588406
18242,0.00016505082524539974
18243,0.00023953873719588406
18244,0.00075556386104590049
18245,0.99773293009886721006
18246,0.00023953873719588406
18247,0.00023953873719588406
18248,0.00074463000522290222
18249,0.00075504581161005692
18250,0.00023953873719588406
18251,0.00025998672181426615
18252,0.00018203853992678504
18253,0.00069616582089686611
18254,0.00075556386104590049
18255,0.00283763788383347261
18256,0.00075504581161005692
18257,0.00025998672181426615
18258,0.00015206842371515944
18259,0.00023953873719588406
18260,0.00023953873719588406
18261,0.00023953873719588406
18262,0.00157016157658030155
18263,0.00015206842371515944
18264,0.00018203853992678504
18265,0.00025998672181426615
18266,0.73157169534350963147
18267,0.00016505082524539974
18268,0.00023953873719588406
18269,0.00025998672181426615
18270,0.00023953873719588406
18271,0.00023953873719588406
18272,0.00023953873719588406
18273,0.00023953873719588406
18274,0.01891282035310369938
18275,0.85724963180718238842
18276,0.98875577946005388519
18277,0.00023953873719588406
18278,0.67704988916831509993
18279,0.00023953873719588406
18280,0.00075504581161005692
18281,0.00023953873719588406
18282,0.00018203853992678504
18283,0.00016505082524539974
18284,0.00268256798096746119
18285,0.00023953873719588406
18286,0.00023953873719588406
18287,0.00170451745161782995
18288,0.00012194425579109975
18289,0.00016505082524539974
18290,0.00023953873719588406
18291,0.08700257476247394428
18292,0.00926223475629087481
18293,0.98253422630110498481
18294,0.00023953873719588406
18295,0.84679057895635967412
18296,0.00025998672181426615
18297,0.00023953873719588406
18298,0.00023953873719588406
18299,0.00023953873719588406
18300,0.00268256798096746119
18301,0.99201372806218324207
18302,0.00846487316196792641
18303,0.00023953873719588406
18304,0.85616540789151196478
18305,0.00023953873719588406
18306,0.00016902368280725475
18307,0.00157016157658030155
18308,0.00170400324898104991
18309,0.03640198444613877010
18310,0.00023953873719588406
18311,0.00023953873719588406
18312,0.00023953873719588406
18313,0.00023953873719588406
18314,0.00268256798096746119
18315,0.94619871151261170095
18316,0.00015206842371515944
18317,0.00023953873719588406
18318,0.00022494284524028155
18319,0.00023953873719588406
18320,0.00023953873719588406
18321,0.03363459795107046763
18322,0.00023953873719588406
18323,0.00023953873719588406
18324,0.00025998672181426615
18325,0.00018203853992678504
18326,0.00075556386104590049
18327,0.99709255714536570991
18328,0.00023953873719588406
18329,0.99219600040399869023
18330,0.00023953873719588406
18331,0.00023953873719588406
18332,0.00023953873719588406
18333,0.96918032211506766060
18334,0.00191345432245381016
18335,0.00023953873719588406
18336,0.00023953873719588406
18337,0.98575152824696843368
18338,0.00016505082524539974
18339,0.00015206842371515944
18340,0.00023953873719588406
18341,0.00023953873719588406
18342,0.62052701832796186565
18343,0.00023953873719588406
18344,0.96324295459793973784
18345,0.00023953873719588406
18346,0.00157016157658030155
18347,0.00044553847308918381
18348,0.00016505082524539974
18349,0.00170400324898104991
18350,0.00023953873719588406
18351,0.00023953873719588406
18352,0.00075556386104590049
18353,0.00075504581161005692
18354,0.00023953873719588406
18355,0.00023953873719588406
18356,0.00018203853992678504
18357,0.00023953873719588406
18358,0.99817502619462539215
18359,0.00023953873719588406
18360,0.00016505082524539974
18361,0.93038582770748146089
18362,0.00044553847308918381
18363,0.00023953873719588406
18364,0.00019757904777856770
18365,0.00023953873719588406
18366,0.00015206842371515944
18367,0.00015206842371515944
18368,0.02498316877623367460
18369,0.00031034507277898527
18370,0.00176319028137688879
18371,0.00015206842371515944
18372,0.00015206842371515944
18373,0.99227248913760091042
18374,0.00023953873719588406
18375,0.02677209706427665856
18376,0.67899042042078006087
18377,0.00833526688396261754
18378,0.00023953873719588406
18379,0.00023953873719588406
18380,0.00023953873719588406
18381,0.00023953873719588406
18382,0.00176319028137688879
18383,0.00023953873719588406
18384,0.98253422630110498481
18385,0.00023953873719588406
18386,0.00023953873719588406
18387,0.00023953873719588406
18388,0.99651928060045835700
18389,0.00170400324898104991
18390,0.00846487316196792641
18391,0.95508449839428266603
18392,0.00023953873719588406
18393,0.00144266231184390697
18394,0.00023953873719588406
18395,0.00015206842371515944
18396,0.00025998672181426615
18397,0.00015206842371515944
18398,0.74587264750489445930
18399,0.00023953873719588406
18400,0.00016902368280725475
18401,0.99984585192888897343
18402,0.99646657711154396075
18403,0.00010365900892034574
18404,0.00021693613711017297
18405,0.99983117363871243377
18406,0.00361436053079271539
18407,0.99741531822000617513
18408,0.97318391352231448099
18409,0.92647631198698654487
18410,0.99970459127233224361
18411,0.00240818258568814211
18412,0.08877180516227473062
18413,0.00156569393746503718
18414,0.33512510464501710228
18415,0.01639734688819645056
18416,0.83444869384346620489
18417,0.00048221994795446681
18418,0.02203418463535026031
18419,0.00067580730911940504
18420,0.02368417489092545375
18421,0.99292413062864015583
18422,0.00027371628701881455
18423,0.00245311048136074130
18424,0.05521305856431067693
18425,0.01010023088644969660
18426,0.02368417489092545375
18427,0.99955695234856978271
18428,0.00522301799621642093
18429,0.02343942323492876137
18430,0.99563373611266015040
18431,0.12001881256910768014
18432,0.00448819418566200057
18433,0.40734787076435774456
18434,0.00686045305194349798
18435,0.99993047635863252509
18436,0.00027371628701881455
18437,0.00027371628701881455
18438,0.83645559698292215600
18439,0.00725198611274560385
18440,0.99970459127233224361
18441,0.99960616047765360470
18442,0.00080797074614058213
18443,0.33512510464501704677
18444,0.01010023088644969834
18445,0.00299661258349931533
18446,0.01187965417047268449
18447,0.00156569393746503718
18448,0.99646657711154396075
18449,0.00021693613711017297
18450,0.00021693613711017297
18451,0.02633811230150731250
18452,0.00338956723661319173
18453,0.33512510464501704677
18454,0.00642059102707849463
18455,0.98942361450405535983
18456,0.00483177174380161872
18457,0.12588337131689109061
18458,0.97423852972126867567
18459,0.99881941135789464870
18460,0.00802137811168406219
18461,0.67168107607587590469
18462,0.00224914439122069583
18463,0.02633811230150731250
18464,0.00015159403278067736
18465,0.99881941135789464870
18466,0.04644751757118778523
18467,0.00109454489764974298
18468,0.99881941135789464870
18469,0.00268816791139133131
18470,0.80359954501918273717
18471,0.01002988667840283218
18472,0.00222531282299379867
18473,0.00802137811168406219
18474,0.97795206756136121573
18475,0.01010023088644969660
18476,0.99983884632754427280
18477,0.07953486980969227960
18478,0.01768318836022614651
18479,0.00019127502752535968
18480,0.06331247632013270454
18481,0.99823016176230305874
18482,0.00027371628701881455
18483,0.00012987421409537466
18484,0.00254433147310997821
18485,0.00322063470267599638
18486,0.02633811230150731250
18487,0.00079497261396934641
18488,0.00027371628701881455
18489,0.53533688628458953040
18490,0.99646657711154396075
18491,0.00047543508381657100
18492,0.97228484888133015485
18493,0.00027179116817113019
18494,0.95489355064300940334
18495,0.99940935702575384170
18496,0.70022237609696802441
18497,0.99898789618129923973
18498,0.94776847221068882821
18499,0.02839028655938580920
18500,0.01439954691126090966
18501,0.00010365900892034574
18502,0.02633811230150731250
18503,0.01910768189441319764
18504,0.99955695234856978271
18505,0.99886109153586721821
18506,0.98594769354214228940
18507,0.03876043589668841383
18508,0.00074866590944166437
18509,0.00211334929561362390
18510,0.02839028655938580920
18511,0.50201303754844772698
18512,0.99214409929040192626
18513,0.36889393039901352545
18514,0.99881941135789464870
18515,0.97356227772856052116
18516,0.50201303754844772698
18517,0.00027371628701881455
18518,0.02458258431677473946
18519,0.93763588842533496237
18520,0.00101212501714398112
18521,0.00072827540233660589
18522,0.01460821154778721778
18523,0.00156569393746503718
18524,0.11908536339052819275
18525,0.00015159403278067736
18526,0.10072703519607918710
18527,0.00361436053079271539
18528,0.00153552518742140418
18529,0.97228484888133015485
18530,0.99086132972038631905
18531,0.64158882566937414094
18532,0.00021693613711017297
18533,0.05203992872820007581
18534,0.00202220331172641181
18535,0.01334479449882900425
18536,0.99987337488461991430
18537,0.00109454489764974298
18538,0.00581001572086098633
18539,0.97580062892734398261
18540,0.67168107607587579366
18541,0.11190888334169990515
18542,0.00079497261396934641
18543,0.00027179116817113019
18544,0.00027179116817113019
18545,0.00498415033099201561
18546,0.99953053293732496698
18547,0.00010365900892034574
18548,0.99656744751914427827
18549,0.00026843546082500243
18550,0.01010023088644970007
18551,0.01639734688819645056
18552,0.00645140826946028877
18553,0.99894536615310558503
18554,0.00254433147310997821
18555,0.99929131214720490206
18556,0.01639734688819645056
18557,0.99413695532400470078
18558,0.01910768189441319764
18559,0.00074866590944166437
18560,0.00016499809577864456
18561,0.66845363521986767008
18562,0.25151282353190979046
18563,0.00039188366177132956
18564,0.98027558001013082034
18565,0.00156569393746503718
18566,0.99949369187245495905
18567,0.00021693613711017297
18568,0.99983117363871243377
18569,0.99646657711154396075
18570,0.11908536339052819275
18571,0.00504021975569334240
18572,0.97408464241913161885
18573,0.94776847221068871718
18574,0.99064098871370853683
18575,0.38319635706027377342
18576,0.01832611888422927549
18577,0.07749678166053530770
18578,0.99823016176230305874
18579,0.00451432244899471584
18580,0.09157675720104450912
18581,0.00802137811168406392
18582,0.00361436053079271539
18583,0.97843145401900666336
18584,0.96456198763117917405
18585,0.00156569393746503718
18586,0.02879576841883106642
18587,0.99881941135789464870
18588,0.02633811230150731250
18589,0.99964553046947723924
18590,0.00254433147310997821
18591,0.97228484888133015485
18592,0.93456011271126770978
18593,0.50201303754844772698
18594,0.00173012675568289085
18595,0.00010365900892034574
18596,0.50201303754844772698
18597,0.00022869393168796430
18598,0.99427910763301585728
18599,0.00964599727091006165
18600,0.99646657711154396075
18601,0.96799236015438672176
18602,0.00538100282567535552
18603,0.00021693613711017297
18604,0.97228484888133015485
18605,0.01155290885962587111
18606,0.11190888334169990515
18607,0.05927091248634521609
18608,0.99929131214720490206
18609,0.00802137811168406392
18610,0.00268816791139133175
18611,0.99988181556130406591
18612,0.00027371628701881455
18613,0.00686045305194349798
18614,0.00014437631153337379
18615,0.82971214455844588542
18616,0.97228484888133015485
18617,0.99995395079287063833
18618,0.99995395079287063833
18619,0.01275926006348123906
18620,0.01334479449882900425
18621,0.00013079425517944338
18622,0.05521305856431069775
18623,0.00893628060865479280
18624,0.00222531282299379867
18625,0.99913363573232050197
18626,0.99214409929040192626
18627,0.00021693613711017297
18628,0.98289452893306139547
18629,0.90331834682677780712
18630,0.99646657711154396075
18631,0.02839028655938580920
18632,0.99949369187245495905
18633,0.99995395079287063833
18634,0.00027371628701881455
18635,0.00109454489764974298
18636,0.97016209710783418707
18637,0.99881941135789464870
18638,0.00021693613711017297
18639,0.99894536615310558503
18640,0.01797008417590251206
18641,0.00173012675568289085
18642,0.00021693613711017297
18643,0.00048563482685737655
18644,0.96030806151096614887
18645,0.99826877133929192709
18646,0.02839028655938580920
18647,0.05203992872820007581
18648,0.92647631198698654487
18649,0.90072236687481277428
18650,0.83444869384346620489
18651,0.01752944312203456173
18652,0.05521305856431069775
18653,0.00950950771969008915
18654,0.99983117363871243377
18655,0.00388085976599094511
18656,0.99911429710572663421
18657,0.00156569393746503718
18658,0.99980304145379705894
18659,0.00361436053079271539
18660,0.01574933392446038749
18661,0.21186775003063956779
18662,0.99995395079287063833
18663,0.96456198763117917405
18664,0.00245311048136074130
18665,0.00802137811168406219
18666,0.99949369187245495905
18667,0.15896834028837236730
18668,0.00021693613711017297
18669,0.50201303754844772698
18670,0.05080708939848978256
18671,0.95339774587287773322
18672,0.00725198611274560472
18673,0.00725198611274560211
18674,0.09157675720104452299
18675,0.99985818202570031499
18676,0.01439954691126091486
18677,0.02633811230150731250
18678,0.17764385339574656486
18679,0.00268816791139133218
18680,0.00669343018212922164
18681,0.97795206756136121573
18682,0.99646657711154396075
18683,0.99987337488461991430
18684,0.00581001572086098633
18685,0.99881941135789464870
18686,0.17155941399492496968
18687,0.99987337488461991430
18688,0.00338956723661319129
18689,0.01155290885962587111
18690,0.00769482816356181765
18691,0.99894536615310558503
18692,0.96456198763117917405
18693,0.01855094578480880399
18694,0.84317296797876406522
18695,0.00026843546082500243
18696,0.93154971722981727567
18697,0.00956363738771378452
18698,0.01010023088644969834
18699,0.00021693613711017297
18700,0.02633811230150731250
18701,0.97081722999562447551
18702,0.99527160124177704859
18703,0.11908536339052819275
18704,0.01797008417590251206
18705,0.00015159403278067736
18706,0.00127282122402125352
18707,0.00026843546082500243
18708,0.00156569393746503718
18709,0.00134904488883156237
18710,0.01002988667840283218
18711,0.00027371628701881455
18712,0.00021693613711017297
18713,0.01768318836022614651
18714,0.00538100282567535552
18715,0.00010365900892034574
18716,0.00027179116817113019
18717,0.00027179116817113019
18718,0.99980304145379705894
18719,0.11190888334169991902
18720,0.99993047635863252509
18721,0.01797008417590251206
18722,0.99993047635863252509
18723,0.96030806151096625989
18724,0.00021275054093100419
18725,0.00069262629980453450
18726,0.99646657711154396075
18727,0.00047854209737794402
18728,0.91727970469219688443
18729,0.00067339963631825284
18730,0.00254433147310997821
18731,0.99823016176230305874
18732,0.00642059102707849463
18733,0.33512510464501710228
18734,0.00884222116753163000
18735,0.00010365900892034574
18736,0.01639734688819645056
18737,0.00010365900892034574
18738,0.00027179116817113019
18739,0.00507574855941065554
18740,0.00021693613711017297
18741,0.00336580129652505698
18742,0.92364673222970750111
18743,0.00161463691288991017
18744,0.00135070180408716745
18745,0.99955695234856978271
18746,0.00021693613711017297
18747,0.81304324400676308837
18748,0.99993047635863252509
18749,0.00135858991376108340
18750,0.00020672265528795666
18751,0.80128523934892481595
18752,0.01652378868739665801
18753,0.00156569393746503718
18754,0.00013079425517944338
18755,0.00252647687718100594
18756,0.99781209156353256606
18757,0.00089766468606662598
18758,0.99625656543321283731
18759,0.99646657711154396075
18760,0.00361436053079271539
18761,0.20129146374902964767
18762,0.05521305856431069081
18763,0.00018992962964484552
18764,0.00021693613711017297
18765,0.99970459127233224361
18766,0.00010365900892034574
18767,0.00964599727091006165
18768,0.00027371628701881455
18769,0.72886693052595086240
18770,0.99646657711154396075
18771,0.00179691652811342513
18772,0.02633811230150731250
18773,0.00908118271320941181
18774,0.00277511979020484941
18775,0.50201303754844772698
18776,0.00956363738771378452
18777,0.80128523934892481595
18778,0.00893628060865479280
18779,0.00067975671218703591
18780,0.00129074809794038257
18781,0.99970459127233224361
18782,0.01855094578480880399
18783,0.99646657711154396075
18784,0.99646657711154396075
18785,0.00161463691288991017
18786,0.02633811230150731250
18787,0.02633811230150731250
18788,0.00113241467599373624
18789,0.40544834644958760439
18790,0.99949369187245495905
18791,0.99995395079287063833
18792,0.97165121452262126489
18793,0.99823016176230305874
18794,0.99270559824658732850
18795,0.99958267417531898591
18796,0.95956573570279513063
18797,0.99823016176230305874
18798,0.02445806842722000538
18799,0.00021693613711017297
18800,0.45305837039058605153
18801,0.03524489767945614138
18802,0.99881941135789464870
18803,0.99987337488461991430
18804,0.00964599727091006165
18805,0.50201303754844772698
18806,0.00027179116817113019
18807,0.00201748176597977939
18808,0.01002988667840283392
18809,0.00100975946864790113
18810,0.00048563482685737655
18811,0.00448819418566200057
18812,0.02839028655938580920
18813,0.99646657711154396075
18814,0.99987337488461991430
18815,0.50201303754844772698
18816,0.99940935702575384170
18817,0.00504021975569334240
18818,0.75150674502702041746
18819,0.00686045305194349798
18820,0.99988181556130406591
18821,0.00150055458212116364
18822,0.03876043589668841383
18823,0.99911429710572663421
18824,0.99646657711154396075
18825,0.33512510464501704677
18826,0.06297347363577972257
18827,0.00027179116817113019
18828,0.00338956723661319173
18829,0.99911429710572663421
18830,0.01010023088644970007
18831,0.00448819418566200057
18832,0.99972730882404881037
18833,0.05521305856431068387
18834,0.99770901036537817941
18835,0.00336580129652505698
18836,0.00126483622833265495
18837,0.25151282353190973495
18838,0.99823016176230305874
18839,0.99960616047765360470
18840,0.02633811230150731250
18841,0.00027371628701881455
18842,0.00802137811168406219
18843,0.10981897079028402064
18844,0.19356150253097695324
18845,0.99898789618129923973
18846,0.99995395079287063833
18847,0.00884222116753162826
18848,0.00892046531432006545
18849,0.67168107607587579366
18850,0.50201303754844772698
18851,0.99894536615310558503
18852,0.87186997116475861702
18853,0.00027179116817113019
18854,0.00027371628701881455
18855,0.00100975946864790092
18856,0.99955695234856978271
18857,0.00784452357341748965
18858,0.99770901036537817941
18859,0.99958267417531898591
18860,0.98614852921381601636
18861,0.05927091248634522302
18862,0.99911429710572663421
18863,0.00507574855941065554
18864,0.00398439718240007224
18865,0.07043419753971519315
18866,0.00268816791139133218
18867,0.99656744751914427827
18868,0.00104247804723916083
18869,0.99646657711154396075
18870,0.00361436053079271539
18871,0.00074866590944166437
18872,0.99987337488461991430
18873,0.00642059102707849463
18874,0.00134589294881425092
18875,0.50201303754844783800
18876,0.01439954691126091486
18877,0.99955695234856978271
18878,0.99644950389098452259
18879,0.00021693613711017297
18880,0.00021693613711017297
18881,0.94235814238345871896
18882,0.00048563482685737655
18883,0.01334479449882900425
18884,0.00010365900892034574
18885,0.99881941135789464870
18886,0.99439533849163186385
18887,0.00027179116817113019
18888,0.00027371628701881455
18889,0.00161463691288991017
18890,0.00026843546082500243
18891,0.00027371628701881455
18892,0.00027371628701881455
18893,0.00156569393746503718
18894,0.00173012675568289085
18895,0.00027371628701881455
18896,0.99826877133929192709
18897,0.02191103381894665345
18898,0.01999847258244041512
18899,0.99646657711154396075
18900,0.94776847221068882821
18901,0.00153552518742140418
18902,0.00338956723661319173
18903,0.31738697062320814224
18904,0.01334479449882900425
18905,0.17155941399492499744
18906,0.07196449203484300838
18907,0.67168107607587579366
18908,0.02839028655938580920
18909,0.96030806151096614887
18910,0.50201303754844772698
18911,0.00354485697020254752
18912,0.99881941135789464870
18913,0.99929131214720490206
18914,0.66845363521986767008
18915,0.99949369187245495905
18916,0.00402683945678097496
18917,0.65081171473987842191
18918,0.02839028655938580920
18919,0.01187965417047268449
18920,0.11908536339052819275
18921,0.01858351502274284417
18922,0.00104247804723916083
18923,0.01010023088644969834
18924,0.01252006664578526191
18925,0.00104247804723916083
18926,0.00156569393746503718
18927,0.11908536339052817887
18928,0.00046931140854770915
18929,0.86135403060377757622
18930,0.00802137811168406219
18931,0.33512510464501710228
18932,0.41371644035596166766
18933,0.99988181556130406591
18934,0.00021693613711017297
18935,0.00089766468606662598
18936,0.25151282353190979046
18937,0.38319635706027371791
18938,0.00451432244899471584
18939,0.98594769354214228940
18940,0.99823016176230305874
18941,0.99984585192888897343
18942,0.99447611678167113780
18943,0.00402683945678097496
18944,0.27432732157086903158
18945,0.99646657711154396075
18946,0.02879576841883106642
18947,0.00021693613711017297
18948,0.20129146374902964767
18949,0.00610718995588913852
18950,0.99960616047765360470
18951,0.00021693613711017297
18952,0.00021693613711017297
18953,0.00156569393746503718
18954,0.00021693613711017297
18955,0.01439954691126090966
18956,0.25151282353190973495
18957,0.00507574855941065554
18958,0.00027179116817113019
18959,0.96057100582322463289
18960,0.50201303754844772698
18961,0.06297347363577973645
18962,0.25151282353190973495
18963,0.99823016176230305874
18964,0.00021693613711017297
18965,0.00021693613711017297
18966,0.00021693613711017297
18967,0.02399739733449629542
18968,0.99667111800152885515
18969,0.06297347363577973645
18970,0.99954930315633905291
18971,0.98372159432164729687
18972,0.00027371628701881455
18973,0.00010365900892034574
18974,0.00256504824976400278
18975,0.00211334929561362390
18976,0.01797008417590251206
18977,0.99064098871370864785
18978,0.20129146374902967542
18979,0.00277511979020484984
18980,0.00156569393746503718
18981,0.11908536339052817887
18982,0.94776847221068882821
18983,0.00027371628701881455
18984,0.66845363521986767008
18985,0.11190888334169994678
18986,0.00067580730911940504
18987,0.02839028655938580920
18988,0.01275926006348123906
18989,0.14916721890624079494
18990,0.03876043589668841383
18991,0.00802137811168406219
18992,0.99646657711154396075
18993,0.99646657711154396075
18994,0.99823016176230305874
18995,0.00299661258349931533
18996,0.00658844074664528736
18997,0.00018992962964484552
18998,0.00448819418566200057
18999,0.00021693613711017297
19000,0.00110184259671626105
19001,0.00021693613711017297
19002,0.99646657711154396075
19003,0.88968168044118278726
19004,0.00109454489764974298
19005,0.33512510464501710228
19006,0.92364673222970750111
19007,0.20129146374902964767
19008,0.01252006664578526191
19009,0.00156569393746503718
19010,0.99929131214720490206
19011,0.00277511979020484941
19012,0.00027371628701881455
19013,0.99823016176230305874
19014,0.99270559824658743953
19015,0.00448819418566200057
19016,0.98289452893306139547
19017,0.00338956723661319259
19018,0.99894536615310558503
19019,0.00067580730911940504
19020,0.00484637268429830795
19021,0.99881941135789464870
19022,0.01639734688819645056
19023,0.33512510464501710228
19024,0.99894536615310558503
19025,0.09157675720104450912
19026,0.00257816842988372284
19027,0.03475185315524124963
19028,0.00010365900892034574
19029,0.01010023088644970007
19030,0.02144492178824231390
19031,0.00021693613711017297
19032,0.99984585192888897343
19033,0.01999847258244041165
19034,0.88968168044118278726
19035,0.00079497261396934641
19036,0.01639734688819645056
19037,0.00224914439122069583
19038,0.00027371628701881455
19039,0.99987774073407809095
19040,0.50566250617855645899
19041,0.99960616047765360470
19042,0.00252828728610184940
19043,0.00021693613711017297
19044,0.00104247804723916083
19045,0.07749678166053529382
19046,0.97919000673924339040
19047,0.00117354506640601221
19048,0.00802137811168406219
19049,0.00173012675568289085
19050,0.00021693613711017297
19051,0.99646657711154396075
19052,0.99646657711154396075
19053,0.00936231277071942168
19054,0.99646657711154396075
19055,0.75150674502702052848
19056,0.33512510464501715779
19057,0.99881941135789464870
19058,0.01768318836022614651
19059,0.00027371628701881455
19060,0.50201303754844772698
19061,0.00015159403278067736
19062,0.99826877133929192709
19063,0.00671721719092293647
19064,0.01639734688819645056
19065,0.99993047635863252509
19066,0.00074866590944166437
19067,0.01334479449882900425
19068,0.00021693613711017297
19069,0.05303452271615847341
19070,0.01010023088644969834
19071,0.01010023088644970007
19072,0.02633811230150731250
19073,0.01504422495163937681
19074,0.48302310019628869053
19075,0.01797008417590251206
19076,0.48302310019628863502
19077,0.00013079425517944338
19078,0.01275926006348123906
19079,0.00671721719092293647
19080,0.00725198611274560298
19081,0.01986057404971895701
19082,0.00134589294881425092
19083,0.01752944312203456173
19084,0.99955695234856978271
19085,0.99898789618129923973
19086,0.00725198611274560385
19087,0.71592617968496308212
19088,0.00571126643585102584
19089,0.65140333974886455159
19090,0.33512510464501710228
19091,0.02458258431677473599
19092,0.00021693613711017297
19093,0.01002988667840283392
19094,0.07506043649301555321
19095,0.00884222116753162826
19096,0.98614852921381601636
19097,0.57339939305294806982
19098,0.97423852972126867567
19099,0.00018992962964484552
19100,0.50201303754844772698
19101,0.00156569393746503718
19102,0.99823016176230305874
19103,0.99823016176230305874
19104,0.98228353175008387144
19105,0.01855094578480880399
19106,0.50201303754844772698
19107,0.00126483622833265495
19108,0.00361436053079271539
19109,0.99995395079287063833
19110,0.01275926006348123906
19111,0.66845363521986767008
19112,0.00021693613711017297
19113,0.99823016176230305874
19114,0.18935171398728764536
19115,0.02368417489092544681
19116,0.00129074809794038257
19117,0.00027179116817113019
19118,0.00021693613711017297
19119,0.00296488449882708650
19120,0.00010365900892034574
19121,0.00194420247156990044
19122,0.00027179116817113019
19123,0.00026082343884168861
19124,0.40544834644958760439
19125,0.00014437631153337379
19126,0.00725198611274560211
19127,0.05203992872820007581
19128,0.00057725522019497991
19129,0.00027179116817113019
19130,0.00180012526130354767
19131,0.50201303754844783800
19132,0.00010365900892034574
19133,0.98614852921381601636
19134,0.99949369187245495905
19135,0.67168107607587590469
19136,0.07228701567576580056
19137,0.03251038268122239533
19138,0.00021693613711017297
19139,0.50201303754844772698
19140,0.99881941135789464870
19141,0.02839028655938580573
19142,0.00109454489764974298
19143,0.99987337488461991430
19144,0.05521305856431069081
19145,0.95685538468625097597
19146,0.00354485697020254752
19147,0.07506043649301555321
19148,0.99823016176230305874
19149,0.07749678166053529382
19150,0.00670902136025734383
19151,0.00156569393746503718
19152,0.00790195284557658473
19153,0.00156569393746503718
19154,0.07506043649301555321
19155,0.10981897079028402064
19156,0.05927091248634521609
19157,0.00027371628701881455
19158,0.00027371628701881455
19159,0.05521305856431068387
19160,0.33512510464501704677
19161,0.09748031619766807376
19162,0.00021693613711017297
19163,0.00936231277071942168
19164,0.99987337488461991430
19165,0.99984585192888897343
19166,0.07196449203484300838
19167,0.00507574855941065554
19168,0.00802137811168406392
19169,0.00109409942133979711
19170,0.17764385339574653710
19171,0.01010023088644969834
19172,0.00186257991636740844
19173,0.00069522695110423222
19174,0.00015159403278067736
19175,0.01244424804682230622
19176,0.97889043757146576574
19177,0.99949369187245495905
19178,0.99986363581936987810
19179,0.85989407415211049912
19180,0.00802137811168406219
19181,0.00402683945678097583
19182,0.20129146374902967542
19183,0.54745021590003162260
19184,0.00027371628701881455
19185,0.99911429710572663421
19186,0.99988181556130406591
19187,0.99940935702575384170
19188,0.00074866590944166437
19189,0.99823016176230305874
19190,0.99823016176230305874
19191,0.99987774073407809095
19192,0.00019127502752535968
19193,0.96255545515321461192
19194,0.98027558001013082034
19195,0.00021693613711017297
19196,0.00156569393746503718
19197,0.38319635706027382893
19198,0.82971214455844588542
19199,0.98594769354214228940
19200,0.02239785821872038868
19201,0.99998973503138033347
19202,0.99833227553110237551
19203,0.00451021210640175068
19204,0.62936901504397357865
19205,0.99772292876988100119
19206,0.80005865464760905770
19207,0.00451021210640175155
19208,0.99999010768332030619
19209,0.00451021210640175155
19210,0.00675009597730452139
19211,0.99295038068074936710
19212,0.00640258935115524831
19213,0.00226020305078215812
19214,0.94147219616197064251
19215,0.98276483184255003511
19216,0.99684876761442009485
19217,0.00640258935115524831
19218,0.01340967535891189090
19219,0.35302491006251013328
19220,0.00675009597730452139
19221,0.00640258935115524831
19222,0.01340967535891189090
19223,0.97223212183190299562
19224,0.99877645791452185353
19225,0.00226020305078215812
19226,0.91431444188912969206
19227,0.99062254340738609137
19228,0.50009165796720012054
19229,0.99999010768332030619
19230,0.01340967535891189090
19231,0.00675009597730452139
19232,0.95456135947596865154
19233,0.98876811738719438960
19234,0.99980789578258377759
19235,0.73996273602438256134
19236,0.00451021210640175068
19237,0.99999010768332030619
19238,0.00640258935115524831
19239,0.80005865464760905770
19240,0.99850354194030377375
19241,0.04001408103853834608
19242,0.00338647751277035280
19243,0.00338647751277035280
19244,0.01340967535891189090
19245,0.99966796201519902976
19246,0.00675009597730452139
19247,0.01340967535891189090
19248,0.01340967535891189090
19249,0.00271101817063059249
19250,0.94467072916625238754
19251,0.00640258935115524831
19252,0.00350400128908080581
19253,0.99738413429551930900
19254,0.80005865464760916872
19255,0.93335614235919073245
19256,0.01340967535891189090
19257,0.00338647751277035280
19258,0.95193985324614138754
19259,0.00350400128908080581
19260,0.00350400128908080581
19261,0.00054338212918677556
19262,0.00016178261793916738
19263,0.00640258935115524831
19264,0.99966796201519902976
19265,0.00350400128908080581
19266,0.99270338605832675327
19267,0.00675009597730452139
19268,0.99999010768332030619
19269,0.01340967535891189090
19270,0.00350400128908080581
19271,0.99934061103097815426
19272,0.99999398115750137706
19273,0.00451021210640175068
19274,0.99999010768332030619
19275,0.01340967535891189090
19276,0.99439456734533504534
19277,0.00640258935115524831
19278,0.01340967535891189090
19279,0.00640258935115524831
19280,0.00451021210640175068
19281,0.99850354194030377375
19282,0.99418816531545572968
19283,0.91431444188912980309
19284,0.01340967535891189090
19285,0.97116411522466405959
19286,0.99999398115750137706
19287,0.00193794263550713737
19288,0.91431444188912969206
19289,0.99937405531322631713
19290,0.94625520772739357689
19291,0.00338647751277035280
19292,0.00350400128908080581
19293,0.99507568847090166475
19294,0.00016178261793916738
19295,0.99999010768332030619
19296,0.00675009597730452052
19297,0.65225707631339591153
19298,0.00350400128908080581
19299,0.90011062910180761332
19300,0.00079888708364432147
19301,0.99999398115750137706
19302,0.00084877514665324279
19303,0.48936200238534433016
19304,0.00226020305078215812
19305,0.14290204243451179456
19306,0.00675009597730452139
19307,0.00271101817063059249
19308,0.00226020305078215812
19309,0.99671172815561626113
19310,0.00016178261793916738
19311,0.85421233059244594532
19312,0.80005865464760905770
19313,0.04801675638670494656
19314,0.00675009597730452139
19315,0.00338647751277035280
19316,0.98781968403428388470
19317,0.99212884786917610036
19318,0.00350400128908080581
19319,0.98599945983989145670
19320,0.00350400128908080581
19321,0.99990876759434421661
19322,0.99531786814223666138
19323,0.00350400128908080581
19324,0.01340967535891189090
19325,0.95523955927203274552
19326,0.99999010768332030619
19327,0.99968589676340380290
19328,0.47026052237926713184
19329,0.99999010768332030619
19330,0.00675009597730452139
19331,0.99868087368847524576
19332,0.00640258935115524831
19333,0.99886016664406962473
19334,0.01340967535891189090
19335,0.01340967535891189090
19336,0.01340967535891189090
19337,0.99993917654653940996
19338,0.00054338212918677556
19339,0.99999010768332030619
19340,0.00451021210640175068
19341,0.03514614857839588186
19342,0.99600146039579307011
19343,0.94625520772739357689
19344,0.00350400128908080581
19345,0.99999398115750137706
19346,0.85718774496346838987
19347,0.01340967535891189090
19348,0.00640258935115524831
19349,0.00350400128908080581
19350,0.01340967535891189090
19351,0.00350400128908080581
19352,0.00451021210640175155
19353,0.00084877514665324279
19354,0.00675009597730452139
19355,0.00350400128908080581
19356,0.99263167467103619046
19357,0.94917023384449727974
19358,0.97436813253678389302
19359,0.99999398115750137706
19360,0.00640258935115524831
19361,0.00640258935115524831
19362,0.98000718472023762295
19363,0.98781968403428388470
19364,0.00640258935115524831
19365,0.99963977168743234358
19366,0.00350400128908080581
19367,0.99999010768332030619
19368,0.00096991113382301295
19369,0.99344501089733916466
19370,0.00640258935115524831
19371,0.99999010768332030619
19372,0.01340967535891189090
19373,0.99999010768332030619
19374,0.00675009597730452139
19375,0.00675009597730452139
19376,0.88892509428170130015
19377,0.98781968403428388470
19378,0.97546889748309484336
19379,0.00350400128908080581
19380,0.57151835647372217775
19381,0.02646447075643458199
19382,0.99658827752237111319
19383,0.00338647751277035194
19384,0.99310595887972230589
19385,0.00350400128908080581
19386,0.82763851431728430175
19387,0.00350400128908080581
19388,0.00016178261793916738
19389,0.00193794263550713737
19390,0.99999398115750137706
19391,0.01340967535891189090
19392,0.00135734898419531637
19393,0.99658827752237100217
19394,0.00386838855590108596
19395,0.00640258935115524831
19396,0.00350400128908080581
19397,0.99886016664406951371
19398,0.00350400128908080581
19399,0.99671172815561626113
19400,0.01340967535891189090
19401,0.00640258935115524831
19402,0.80005865464760916872
19403,0.99596921406099969687
19404,0.00271101817063059249
19405,0.00640258935115524831
19406,0.00451021210640175068
19407,0.01340967535891189090
19408,0.99999010768332030619
19409,0.01340967535891189090
19410,0.01340967535891189090
19411,0.01340967535891189090
19412,0.02646447075643458199
19413,0.00451021210640175068
19414,0.00113138009976762339
19415,0.99989627130088709617
19416,0.99999398115750137706
19417,0.99248393841766169299
19418,0.88640055944659401632
19419,0.95874432337582227159
19420,0.91431444188912969206
19421,0.99910985417486697369
19422,0.00350400128908080581
19423,0.97238553707693697881
19424,0.99999010768332030619
19425,0.94467072916625238754
19426,0.99999010768332030619
19427,0.03514614857839588186
19428,0.99926980737546300393
19429,0.00350400128908080581
19430,0.99507568847090144271
19431,0.95123652144893422467
19432,0.00640258935115524831
19433,0.99633833414811112661
19434,0.07325417772852836629
19435,0.99985951653813309736
19436,0.99270338605832675327
19437,0.00640258935115524831
19438,0.00640258935115524831
19439,0.00350400128908080581
19440,0.00451021210640175068
19441,0.00113138009976762339
19442,0.00640258935115524831
19443,0.00640258935115524831
19444,0.00897992285602371154
19445,0.99999398115750137706
19446,0.99999010768332030619
19447,0.00451021210640175155
19448,0.00208670407571568545
19449,0.00675009597730452139
19450,0.00640258935115524831
19451,0.99999010768332030619
19452,0.00338647751277035280
19453,0.99703958187409758018
19454,0.98781968403428388470
19455,0.00675009597730452139
19456,0.01340967535891189090
19457,0.95456135947596865154
19458,0.00350400128908080581
19459,0.01340967535891189090
19460,0.00675009597730452139
19461,0.99998973503138033347
19462,0.99319975559144424437
19463,0.00064681654073680931
19464,0.00451021210640175068
19465,0.88640055944659401632
19466,0.00451021210640175068
19467,0.00451021210640175068
19468,0.00640258935115524831
19469,0.99925121070426370373
19470,0.99999010768332030619
19471,0.00350400128908080581
19472,0.00350400128908080581
19473,0.01340967535891189090
19474,0.00350400128908080581
19475,0.01340967535891189090
19476,0.00350400128908080581
19477,0.99900293009322704840
19478,0.01340967535891189090
19479,0.90003299202982023353
19480,0.92859574217095208759
19481,0.00451021210640175068
19482,0.00451021210640175068
19483,0.01340967535891189090
19484,0.00350400128908080581
19485,0.00675009597730452139
19486,0.00675009597730452139
19487,0.98599945983989145670
19488,0.00135734898419531637
19489,0.99703372545204815847
19490,0.01340967535891189090
19491,0.09163356615070641920
19492,0.99890150127692400872
19493,0.97059869962334222038
19494,0.98781968403428388470
19495,0.99914017396309107166
19496,0.00071485382089062478
19497,0.01340967535891189090
19498,0.75006873717509014998
19499,0.01340967535891189090
19500,0.00193794263550713737
19501,0.00350400128908080581
19502,0.00640258935115524831
19503,0.99999010768332030619
19504,0.00451021210640175068
19505,0.00150793811596480320
19506,0.01340967535891189090
19507,0.99786128750683611432
19508,0.66674813543711419772
19509,0.00104444175829478342
19510,0.01340967535891189090
19511,0.01340967535891189090
19512,0.00226020305078215812
19513,0.92595106821846584477
19514,0.99833227553110248653
19515,0.96471836347071104889
19516,0.00451021210640175068
19517,0.00640258935115524831
19518,0.99999010768332030619
19519,0.00271101817063059249
19520,0.00271101817063059249
19521,0.98781968403428388470
19522,0.96429833848942236862
19523,0.99995996181159108041
19524,0.00350400128908080581
19525,0.88640055944659401632
19526,0.01340967535891189090
19527,0.00350400128908080581
19528,0.99999398115750137706
19529,0.00064681654073680931
19530,0.98781968403428388470
19531,0.99319975559144413335
19532,0.00451021210640175068
19533,0.00675009597730452139
19534,0.99685451671380931327
19535,0.00079888708364432147
19536,0.00193794263550713737
19537,0.00640258935115524831
19538,0.00016178261793916738
19539,0.00451021210640175068
19540,0.00054338212918677556
19541,0.00350400128908080581
19542,0.00675009597730452139
19543,0.99999010768332030619
19544,0.99492570916048683749
19545,0.00675009597730452139
19546,0.00451021210640175155
19547,0.98000718472023762295
19548,0.99991485379580080650
19549,0.99833227553110237551
19550,0.00640258935115524831
19551,0.00675009597730452139
19552,0.00451021210640175068
19553,0.00350400128908080581
19554,0.99319975559144413335
19555,0.01340967535891189090
19556,0.99965284474298210515
19557,0.00675009597730452139
19558,0.00675009597730452139
19559,0.99999398115750137706
19560,0.97238553707693697881
19561,0.66674813543711419772
19562,0.99999398115750137706
19563,0.50009165796720000952
19564,0.92310295207157910813
19565,0.99962546512828032164
19566,0.99999010768332030619
19567,0.00451021210640175155
19568,0.00675009597730452139
19569,0.99998973503138033347
19570,0.01340967535891189090
19571,0.99507568847090144271
19572,0.00226020305078215812
19573,0.00350400128908080581
19574,0.00540737684438062204
19575,0.00640258935115524831
19576,0.04801675638670494656
19577,0.01340967535891189090
19578,0.98684686504206653446
19579,0.99999010768332030619
19580,0.97116411522466405959
19581,0.00451021210640175068
19582,0.00016178261793916738
19583,0.00675009597730452139
19584,0.00451021210640175068
19585,0.00113138009976762339
19586,0.00338647751277035194
19587,0.00640258935115524831
19588,0.00675009597730452139
19589,0.99988472861190236252
19590,0.01340967535891189090
19591,0.92996943467532156014
19592,0.00350400128908080581
19593,0.00350400128908080581
19594,0.01340967535891189090
19595,0.99893064417274657352
19596,0.00350400128908080581
19597,0.01340967535891189090
19598,0.00054338212918677556
19599,0.99999398115750137706
19600,0.94625520772739357689
19601,0.01340967535891189090
19602,0.01340967535891189090
19603,0.00640258935115524831
19604,0.98781968403428388470
19605,0.20559347045020145983
19606,0.98781968403428388470
19607,0.99925121070426370373
19608,0.15016225463589863431
19609,0.00675009597730452139
19610,0.00338647751277035280
19611,0.99805518648204616383
19612,0.00350400128908080581
19613,0.98781968403428388470
19614,0.99986028882088873182
19615,0.00640258935115524831
19616,0.99853210870278197309
19617,0.90003299202982012250
19618,0.00675009597730452139
19619,0.01340967535891189090
19620,0.00451021210640175155
19621,0.01340967535891189090
19622,0.00084877514665324279
19623,0.00675009597730452139
19624,0.99986028882088873182
19625,0.01653488654153270274
19626,0.00226020305078215812
19627,0.02581994176486794579
19628,0.00675009597730452139
19629,0.99999398115750137706
19630,0.00451021210640175068
19631,0.99985951653813309736
19632,0.99880569429734933351
19633,0.99971320225492521505
19634,0.96970774123029590541
19635,0.00338647751277035194
19636,0.00350400128908080581
19637,0.90875587218491127306
19638,0.01340967535891189090
19639,0.50009165796720000952
19640,0.00350400128908080581
19641,0.01340967535891189090
19642,0.00675009597730452139
19643,0.00338647751277035280
19644,0.00350400128908080581
19645,0.98537113954509591984
19646,0.00350400128908080581
19647,0.98361246815707248370
19648,0.00208670407571568545
19649,0.99716817429638637815
19650,0.99999010768332030619
19651,0.91470437698887474554
19652,0.00640258935115524831
19653,0.00675009597730452139
19654,0.99895106629608565463
19655,0.97116411522466405959
19656,0.00350400128908080581
19657,0.01340967535891189090
19658,0.97790300796257556559
19659,0.99633833414811090456
19660,0.00451021210640175068
19661,0.99999398115750137706
19662,0.00079888708364432147
19663,0.00675009597730452139
19664,0.05369655911034237200
19665,0.35302491006251013328
19666,0.97059869962334222038
19667,0.99937405531322631713
19668,0.00640258935115524831
19669,0.97238553707693697881
19670,0.00226020305078215812
19671,0.00675009597730452139
19672,0.00271101817063059249
19673,0.99518711988656638479
19674,0.00451021210640175155
19675,0.99991485379580080650
19676,0.00640258935115524831
19677,0.01340967535891189090
19678,0.00350400128908080581
19679,0.99701957505114247038
19680,0.99937405531322631713
19681,0.00675009597730452139
19682,0.98781968403428388470
19683,0.99350885834576918576
19684,0.00338647751277035280
19685,0.00350400128908080581
19686,0.99978594571439116656
19687,0.99999398115750137706
19688,0.99951022360859220761
19689,0.01340967535891189090
19690,0.98781968403428388470
19691,0.99989627130088709617
19692,0.99999398115750137706
19693,0.00064681654073680931
19694,0.88892509428170118913
19695,0.97372817173055326023
19696,0.56530748771896499605
19697,0.00016178261793916738
19698,0.66109909680452583203
19699,0.99999398115750137706
19700,0.00338647751277035280
19701,0.00226020305078215812
19702,0.00226020305078215812
19703,0.98456155838585901474
19704,0.01340967535891189090
19705,0.00675009597730452139
19706,0.00193794263550713737
19707,0.01340967535891189090
19708,0.90364638504486027859
19709,0.00675009597730452139
19710,0.00675009597730452139
19711,0.00675009597730452139
19712,0.99999398115750137706
19713,0.00350400128908080581
19714,0.00640258935115524831
19715,0.99295038068074936710
19716,0.98508001635123498829
19717,0.12662281855926244001
19718,0.20559347045020148759
19719,0.99372875950976435888
19720,0.99910985417486697369
19721,0.99787462605014454198
19722,0.97238553707693697881
19723,0.96429833848942236862
19724,0.99998973503138033347
19725,0.00338647751277035280
19726,0.00675009597730452139
19727,0.00386838855590108596
19728,0.98781968403428388470
19729,0.01340967535891189090
19730,0.91470437698887474554
19731,0.00451021210640175068
19732,0.00451021210640175155
19733,0.36372120831064430613
19734,0.98039920352376730417
19735,0.01340967535891189090
19736,0.01340967535891189090
19737,0.00675009597730452139
19738,0.99999398115750137706
19739,0.00350400128908080581
19740,0.00675009597730452139
19741,0.98781968403428388470
19742,0.00271101817063059249
19743,0.15794349179301817032
19744,0.94188053837966789761
19745,0.00350400128908080581
19746,0.01340967535891189090
19747,0.99988864503997476607
19748,0.99965284474298210515
19749,0.66674813543711441977
19750,0.00135734898419531637
19751,0.00675009597730452139
19752,0.01340967535891189090
19753,0.99967406796387237033
19754,0.99965284474298210515
19755,0.99805518648204616383
19756,0.00350400128908080581
19757,0.99961329455432068603
19758,0.00640258935115524831
19759,0.00451021210640175155
19760,0.99409664016166432443
19761,0.99999010768332030619
19762,0.99979586818252896840
19763,0.00640258935115524831
19764,0.99963517023026926545
19765,0.00350400128908080581
19766,0.99833227553110237551
19767,0.00675009597730452139
19768,0.01340967535891189090
19769,0.00451021210640175155
19770,0.00054338212918677556
19771,0.96552944582704425258
19772,0.01340967535891189090
19773,0.01340967535891189090
19774,0.00350400128908080581
19775,0.01340967535891189090
19776,0.95523955927203263450
19777,0.01340967535891189090
19778,0.00123410590494087494
19779,0.01340967535891189090
19780,0.66674813543711419772
19781,0.99990003665280291489
19782,0.99999398115750137706
19783,0.83808360159539718737
19784,0.00208670407571568545
19785,0.94738669886811577303
19786,0.00350400128908080581
19787,0.01340967535891189090
19788,0.01340967535891189090
19789,0.99999010768332030619
19790,0.98537113954509603087
19791,0.01340967535891189090
19792,0.01340967535891189090
19793,0.99999398115750137706
19794,0.00271101817063059249
19795,0.01340967535891189090
19796,0.23968342030311484692
19797,0.00079888708364432147
19798,0.99999010768332030619
19799,0.00640258935115524831
19800,0.00640258935115524831
19801,0.99999398115750137706
19802,0.99998898026259341876
19803,0.88640055944659412734
19804,0.00271101817063059249
19805,0.99273872084462411181
19806,0.99850354194030377375
19807,0.99999010768332030619
19808,0.00350400128908080581
19809,0.00350400128908080581
19810,0.99999010768332030619
19811,0.00271101817063059249
19812,0.90462876903356614910
19813,0.99962546512828032164
19814,0.00193794263550713737
19815,0.05707202496024353644
19816,0.84459569171494608408
19817,0.00350400128908080581
19818,0.00350400128908080581
19819,0.47026052237926713184
19820,0.99999398115750137706
19821,0.94625520772739357689
19822,0.99999010768332030619
19823,0.99973614002057542560
19824,0.94738669886811577303
19825,0.94625520772739368791
19826,0.00193794263550713737
19827,0.99999398115750137706
19828,0.00350400128908080581
19829,0.00338647751277035280
19830,0.00079888708364432147
19831,0.00135734898419531637
19832,0.99999010768332030619
19833,0.00640258935115524831
19834,0.99999010768332030619
19835,0.97059869962334210935
19836,0.00640258935115524831
19837,0.97826866518982713572
19838,0.00451021210640175155
19839,0.99786128750683611432
19840,0.00640258935115524831
19841,0.00350400128908080581
19842,0.99944109583116980122
19843,0.99985001748082424911
19844,0.00675009597730452139
19845,0.80005865464760905770
19846,0.83338424820388412595
19847,0.19303956189906487650
19848,0.00451021210640175155
19849,0.01340967535891189090
19850,0.01340967535891189090
19851,0.00271101817063059249
19852,0.99999398115750137706
19853,0.99961976661289131396
19854,0.75006873717509026100
19855,0.99000362900355198814
19856,0.00451021210640175068
19857,0.00350400128908080581
19858,0.99995996181159108041
19859,0.00640258935115524831
19860,0.99772292876988100119
19861,0.79597791375155069193
19862,0.98630632253497629858
19863,0.04801675638670494656
19864,0.00451021210640175155
19865,0.90003299202982023353
19866,0.00675009597730452139
19867,0.01340967535891189090
19868,0.00350400128908080581
19869,0.00208670407571568545
19870,0.02581994176486794579
19871,0.99961976661289142498
19872,0.00675009597730452139
19873,0.10867060483973844942
19874,0.00675009597730452139
19875,0.00675009597730452139
19876,0.99850354194030377375
19877,0.60008798842257593531
19878,0.99999010768332030619
19879,0.01340967535891189090
19880,0.00084877514665324279
19881,0.01340967535891189090
19882,0.00640258935115524831
19883,0.00640258935115524831
19884,0.00640258935115524831
19885,0.99999398115750137706
19886,0.00451021210640175068
19887,0.99999010768332030619
19888,0.00640258935115524831
19889,0.98823955592598033970
19890,0.99324570330260197881
19891,0.00451021210640175068
19892,0.99703372545204793642
19893,0.00350400128908080581
19894,0.01340967535891189090
19895,0.01340967535891189090
19896,0.00640258935115524831
19897,0.00064681654073680931
19898,0.00350400128908080581
19899,0.99933134870874096300
19900,0.93184147137474915290
19901,0.99998898026259341876
19902,0.00675009597730452139
19903,0.66674813543711430874
19904,0.50009165796719989849
19905,0.01340967535891189090
19906,0.01340967535891189090
19907,0.00451021210640175155
19908,0.75006873717509026100
19909,0.01340967535891189090
19910,0.85718774496346838987
19911,0.00271101817063059249
19912,0.93977978855841093342
19913,0.00226020305078215812
19914,0.00640258935115524831
19915,0.00350400128908080581
19916,0.00016178261793916738
19917,0.01867338389611694280
19918,0.99658827752237111319
19919,0.00675009597730452139
19920,0.00338647751277035280
19921,0.00338647751277035280
19922,0.99961976661289142498
19923,0.00640258935115524831
19924,0.01340967535891189090
19925,0.00451021210640175155
19926,0.48936200238534433016
19927,0.01340967535891189090
19928,0.00640258935115524831
19929,0.86211255448351220565
19930,0.00338647751277035280
19931,0.01340967535891189090
19932,0.88640055944659401632
19933,0.01340967535891189090
19934,0.00350400128908080581
19935,0.00386838855590108596
19936,0.88640055944659412734
19937,0.01340967535891189090
19938,0.00350400128908080581
19939,0.99999398115750137706
19940,0.99206637822608090271
19941,0.00123410590494087494
19942,0.00675009597730452139
19943,0.01340967535891189090
19944,0.94625520772739368791
19945,0.00675009597730452139
19946,0.95523955927203274552
19947,0.00350400128908080581
19948,0.99990633997286038070
19949,0.00451021210640175068
19950,0.00350400128908080581
19951,0.98141932627607975093
19952,0.66674813543711419772
19953,0.00350400128908080581
19954,0.00451021210640175155
19955,0.99999398115750137706
19956,0.98537113954509591984
19957,0.00084877514665324279
19958,0.98141932627607986195
19959,0.01340967535891189090
19960,0.99999398115750137706
19961,0.99999398115750137706
19962,0.94467072916625238754
19963,0.99966796201519902976
19964,0.94625520772739368791
19965,0.99866537526761733901
19966,0.00640258935115524831
19967,0.00640258935115524831
19968,0.00016178261793916738
19969,0.10867060483973844942
19970,0.99999010768332030619
19971,0.98781968403428388470
19972,0.99820693436304419599
19973,0.98781968403428388470
19974,0.50009165796720012054
19975,0.05369655911034237200
19976,0.99999010768332030619
19977,0.99991485379580080650
19978,0.00451021210640175068
19979,0.00169611067671811386
19980,0.98246245852681624022
19981,0.66674813543711419772
19982,0.00096991113382301295
19983,0.99409664016166443545
19984,0.99961976661289131396
19985,0.00640258935115524831
19986,0.00350400128908080581
19987,0.97238553707693708983
19988,0.00451021210640175155
19989,0.99957225776973757103
19990,0.00640258935115524831
19991,0.97790300796257556559
19992,0.99999010768332030619
19993,0.90003299202982012250
19994,0.99999398115750137706
19995,0.99999398115750137706
19996,0.00640258935115524831
19997,0.66674813543711430874
19998,0.00338647751277035280
19999,0.20559347045020143208
20000,0.99999398115750137706