"Milton S. Eisenhower","List_of_people_from_Kansas"
"Wendell Johnson","List_of_people_from_Kansas"
"Jack S. Kilby","List_of_people_from_Kansas"
"Solon Toothaker Kimball","List_of_people_from_Kansas"
"Stanford Lehmberg","List_of_people_from_Kansas"
"Norman Malcolm","List_of_people_from_Kansas"
"Deane Waldo Malott","List_of_people_from_Kansas"
"Abby Lillian Marlatt","List_of_people_from_Kansas"
"Eric K. Meyer","List_of_people_from_Kansas"
"M. Lee Pelton","List_of_people_from_Kansas"
"John Brooks Slaughter","List_of_people_from_Kansas"
"Vernon L. Smith","List_of_people_from_Kansas"
"Earl Wilbur Sutherland Jr.","List_of_people_from_Kansas"
"Donald Worster","List_of_people_from_Kansas"
"Nina E. Allender","List_of_people_from_Kansas"
"Grace Bilger","List_of_people_from_Kansas"
"Grant Bond","List_of_people_from_Kansas"
"Blackbear Bosin","List_of_people_from_Kansas"
"Gwendolyn Elizabeth Brooks","List_of_people_from_Kansas"
"Bruce Conner","List_of_people_from_Kansas"
"John Steuart Curry","List_of_people_from_Kansas"
"Aaron Douglas","List_of_people_from_Kansas"
"Randall Duell","List_of_people_from_Kansas"
"Edgar Heap of Birds","List_of_people_from_Kansas"
"Bruce Helander","List_of_people_from_Kansas"
"Elizabeth Layton","List_of_people_from_Kansas"
"Evan Lindquist","List_of_people_from_Kansas"
"Barbara Morgan","List_of_people_from_Kansas"
"Gordon Parks","List_of_people_from_Kansas"
"Birger Sandzen","List_of_people_from_Kansas"
"Gary Mark Smith","List_of_people_from_Kansas"
"W. Eugene Smith","List_of_people_from_Kansas"
"Mort Walker","List_of_people_from_Kansas"
"Laura Abbot","List_of_people_from_Kansas"
"Gwendolyn Brooks","List_of_people_from_Kansas"
"William Burroughs","List_of_people_from_Kansas"
"Don Coldsmith","List_of_people_from_Kansas"
"Dorothy Canfield Fisher","List_of_people_from_Kansas"
"Thomas Frank","List_of_people_from_Kansas"
"Jane Heap","List_of_people_from_Kansas"
"Scott Heim","List_of_people_from_Kansas"
"Langston Hughes","List_of_people_from_Kansas"
"William Inge","List_of_people_from_Kansas"
"Bill James","List_of_people_from_Kansas"
"Bill Martin, Jr.","List_of_people_from_Kansas"
"Fred Myton","List_of_people_from_Kansas"
"Kathy Patrick","List_of_people_from_Kansas"
"Scott Phillips","List_of_people_from_Kansas"
"Vance Randolph","List_of_people_from_Kansas"
"Red Reeder","List_of_people_from_Kansas"
"Richard Rhodes","List_of_people_from_Kansas"
"Lois Ruby","List_of_people_from_Kansas"
"Damon Runyon","List_of_people_from_Kansas"
"Mary Francis Shura","List_of_people_from_Kansas"
"William Stafford","List_of_people_from_Kansas"
"Max Yoho","List_of_people_from_Kansas"
"Clark Tippet","List_of_people_from_Kansas"
"Chris Arpad","List_of_people_from_Kansas"
"Karrin Allyson","List_of_people_from_Kansas"
"Dawayne Bailey","List_of_people_from_Kansas"
"Chris Burnett","List_of_people_from_Kansas"
"Karla Burns","List_of_people_from_Kansas"
"Danny Carey","List_of_people_from_Kansas"
"Richard Christy","List_of_people_from_Kansas"
"Dorothy DeLay","List_of_people_from_Kansas"
"Joyce DiDonato","List_of_people_from_Kansas"
"Phil Ehart","List_of_people_from_Kansas"
"Melissa Etheridge","List_of_people_from_Kansas"
"Rory Lee Feek","List_of_people_from_Kansas"
"Wendell Hall","List_of_people_from_Kansas"
"Mark Hart","List_of_people_from_Kansas"
"Louis Thomas Hardin","List_of_people_from_Kansas"
"Nora Holt","List_of_people_from_Kansas"
"Dave Hope","List_of_people_from_Kansas"
"Eva Jessye","List_of_people_from_Kansas"
"Jennifer Knapp","List_of_people_from_Kansas"
"Katrina Leskanich","List_of_people_from_Kansas"
"Kerry Livgren","List_of_people_from_Kansas"
"Frank Luther","List_of_people_from_Kansas"
"Mitch Markovich","List_of_people_from_Kansas"
"Martina McBride","List_of_people_from_Kansas"
"Andy McKee","List_of_people_from_Kansas"
"Janelle Monáe","List_of_people_from_Kansas"
"Jerrod Niemann","List_of_people_from_Kansas"
"Charlie Parker","List_of_people_from_Kansas"
"Samuel Ramey","List_of_people_from_Kansas"
"Joe Don Rooney","List_of_people_from_Kansas"
"Mark Schultz","List_of_people_from_Kansas"
"Steven Stucky","List_of_people_from_Kansas"
"Jeremy Turner","List_of_people_from_Kansas"
"Joe Walsh","List_of_people_from_Kansas"
"Bobby Watson","List_of_people_from_Kansas"
"James Wesley","List_of_people_from_Kansas"
"David Wetzel","List_of_people_from_Kansas"
"J. White Did It","List_of_people_from_Kansas"
"Chely Wright","List_of_people_from_Kansas"
"XV","List_of_people_from_Kansas"
"Gordon Young","List_of_people_from_Kansas"
"Alvan Adams","List_of_people_from_Kansas"
"John H. Adams","List_of_people_from_Kansas"
"Neil Allen","List_of_people_from_Kansas"
"David Arkin","List_of_people_from_Kansas"
"Elden Auker","List_of_people_from_Kansas"
"Chase Austin","List_of_people_from_Kansas"
"Ron Baker","List_of_people_from_Kansas"
"Thane Baker","List_of_people_from_Kansas"
"Tony Barker","List_of_people_from_Kansas"
"Chris Barnes","List_of_people_from_Kansas"
"James Bausch","List_of_people_from_Kansas"
"Judy Bell","List_of_people_from_Kansas"
"Matt Besler","List_of_people_from_Kansas"
"B.H. Born","List_of_people_from_Kansas"
"Clint Bowyer","List_of_people_from_Kansas"
"George Brett","List_of_people_from_Kansas"
"Bryce Brown","List_of_people_from_Kansas"
"Orville Brown","List_of_people_from_Kansas"
"Mildred Bliss Burke","List_of_people_from_Kansas"
"Enos Cabell","List_of_people_from_Kansas"
"Veronica Campbell-Brown","List_of_people_from_Kansas"
"Antoine Carr","List_of_people_from_Kansas"
"Larry Cheney","List_of_people_from_Kansas"
"Jack Christiansen","List_of_people_from_Kansas"
"Tony Clark","List_of_people_from_Kansas"
"Maliek Collins","List_of_people_from_Kansas"
"Baron Corbin","List_of_people_from_Kansas"
"Nolan Cromwell","List_of_people_from_Kansas"
"Aaron Crow","List_of_people_from_Kansas"
"Glenn Cunningham","List_of_people_from_Kansas"
"Johnny Damon","List_of_people_from_Kansas"
"Eldon Danenhauer","List_of_people_from_Kansas"
"Darren Daulton","List_of_people_from_Kansas"
"Wantha Davis","List_of_people_from_Kansas"
"Joey Devine","List_of_people_from_Kansas"
"Lynn Dickey","List_of_people_from_Kansas"
"Andy Dirks","List_of_people_from_Kansas"
"Larry Drew","List_of_people_from_Kansas"
"Mark Duckens","List_of_people_from_Kansas"
"Brian Duensing","List_of_people_from_Kansas"
"Brody Eldridge","List_of_people_from_Kansas"
"Tim Elliott","List_of_people_from_Kansas"
"Maurice Evans","List_of_people_from_Kansas"
"Kyle Farnsworth","List_of_people_from_Kansas"
"Galen Fiss","List_of_people_from_Kansas"
"Scott Fulhage","List_of_people_from_Kansas"
"Andrew Gachkar","List_of_people_from_Kansas"
"Tyson Gay","List_of_people_from_Kansas"
"Maurice Greene","List_of_people_from_Kansas"
"Adrian Griffin","List_of_people_from_Kansas"
"Geneo Grissom","List_of_people_from_Kansas"
"Andy Gruenebaum","List_of_people_from_Kansas"
"Don Gutteridge","List_of_people_from_Kansas"
"Joe Hastings","List_of_people_from_Kansas"
"Tanner Hawkinson","List_of_people_from_Kansas"
"Mark Haynes","List_of_people_from_Kansas"
"Ben Heeney","List_of_people_from_Kansas"
"Bobby Henrich","List_of_people_from_Kansas"
"Don Hill","List_of_people_from_Kansas"
"Shaun Hill","List_of_people_from_Kansas"
"Chief Hogsett","List_of_people_from_Kansas"
"Lionel Hollins","List_of_people_from_Kansas"
"Scott Huffman","List_of_people_from_Kansas"
"Damian Johnson","List_of_people_from_Kansas"
"Walter Johnson","List_of_people_from_Kansas"
"Pete Kilduff","List_of_people_from_Kansas"
"Fred Kipp","List_of_people_from_Kansas"
"Tonya Knight","List_of_people_from_Kansas"
"Laurie Koehn","List_of_people_from_Kansas"
"Gene Krug","List_of_people_from_Kansas"
"Adam LaRoche","List_of_people_from_Kansas"
"Bobby Lashley","List_of_people_from_Kansas"
"Shalee Lehning","List_of_people_from_Kansas"
"Martin Lewis","List_of_people_from_Kansas"
"Danny Manning","List_of_people_from_Kansas"
"Rudy May","List_of_people_from_Kansas"
"Jon McGraw","List_of_people_from_Kansas"
"Archie "Hap" McKain","List_of_people_from_Kansas"
"Peter Mehringer","List_of_people_from_Kansas"
"Brian Moorman","List_of_people_from_Kansas"
"Mike Morin","List_of_people_from_Kansas"
"Marcio Navarro","List_of_people_from_Kansas"
"Jordy Nelson","List_of_people_from_Kansas"
"Terence Newman","List_of_people_from_Kansas"
"Nicole Ohlde","List_of_people_from_Kansas"
"Antonio Orozco","List_of_people_from_Kansas"
"Victor Ortiz","List_of_people_from_Kansas"
"Bob Orton","List_of_people_from_Kansas"
"Bob Orton, Jr.","List_of_people_from_Kansas"
"John Parrella","List_of_people_from_Kansas"
"Hal Patterson","List_of_people_from_Kansas"
"Jordan Phillips","List_of_people_from_Kansas"
"Joseph Randle","List_of_people_from_Kansas"
"Ronn Reynolds","List_of_people_from_Kansas"
"Dustin Richardson","List_of_people_from_Kansas"
"John Riggins","List_of_people_from_Kansas"
"Brandon Rios","List_of_people_from_Kansas"
"Lafayette Russell","List_of_people_from_Kansas"
"Johnny Rutherford","List_of_people_from_Kansas"
"Jim Ryun","List_of_people_from_Kansas"
"Barry Sanders","List_of_people_from_Kansas"
"Melvin Sanders","List_of_people_from_Kansas"
"Wes Santee","List_of_people_from_Kansas"
"Gale Sayers","List_of_people_from_Kansas"
"Otto Schnellbacher","List_of_people_from_Kansas"
"Ryan Schraeder","List_of_people_from_Kansas"
"Wayne Simien","List_of_people_from_Kansas"
"Mark Simoneau","List_of_people_from_Kansas"
"Marilynn Smith","List_of_people_from_Kansas"
"Lee Stevens","List_of_people_from_Kansas"
"Darren Sproles","List_of_people_from_Kansas"
"Jackie Stiles","List_of_people_from_Kansas"
"Stewart "Smokey" Stover","List_of_people_from_Kansas"
"Darrell Stuckey","List_of_people_from_Kansas"
"Tom Sturdivant","List_of_people_from_Kansas"
"Steve Tasker","List_of_people_from_Kansas"
"Luther Haden "Dummy" Taylor","List_of_people_from_Kansas"
"Doug Terry","List_of_people_from_Kansas"
"Tommy Thompson","List_of_people_from_Kansas"
"Blake Treinen","List_of_people_from_Kansas"
"Jerame Tuman","List_of_people_from_Kansas"
"Ron Warner","List_of_people_from_Kansas"
"Earl Watson","List_of_people_from_Kansas"
"Tom Watson","List_of_people_from_Kansas"
"Mitch Webster","List_of_people_from_Kansas"
"Kendra Wecker","List_of_people_from_Kansas"
"Michael Wilhoite","List_of_people_from_Kansas"
"Jess Willard","List_of_people_from_Kansas"
"Kamerion Wimbley","List_of_people_from_Kansas"
"Lynette Woodard","List_of_people_from_Kansas"
"Brad Ziegler","List_of_people_from_Kansas"
"John Zook","List_of_people_from_Kansas"
"Phog Allen","List_of_people_from_Kansas"
"Jeremy Bates","List_of_people_from_Kansas"
"Jack Christiansen","List_of_people_from_Kansas"
"Alan Cockrell","List_of_people_from_Kansas"
"Jory Collins","List_of_people_from_Kansas"
"Larry Drew","List_of_people_from_Kansas"
"Mark Fox","List_of_people_from_Kansas"
"Dennis Franchione","List_of_people_from_Kansas"
"Don Gambril","List_of_people_from_Kansas"
"Ted Gilmore","List_of_people_from_Kansas"
"Bill Guthridge","List_of_people_from_Kansas"
"Lionel Hollins","List_of_people_from_Kansas"
"Ralph Houk","List_of_people_from_Kansas"
"Tim Jankovich","List_of_people_from_Kansas"
"Gene Keady","List_of_people_from_Kansas"
"Gary Patterson","List_of_people_from_Kansas"
"Jerry Kill","List_of_people_from_Kansas"
"Lon Kruger","List_of_people_from_Kansas"
"John McLendon","List_of_people_from_Kansas"
"Ralph Miller","List_of_people_from_Kansas"
"Billie Moore","List_of_people_from_Kansas"
"James Naismith","List_of_people_from_Kansas"
"Johnny Orr","List_of_people_from_Kansas"
"John H. Outland","List_of_people_from_Kansas"
"Adolph Rupp","List_of_people_from_Kansas"
"Francis Schmidt","List_of_people_from_Kansas"
"Brian Schottenheimer","List_of_people_from_Kansas"
"Dean Smith","List_of_people_from_Kansas"
"Bill Snyder","List_of_people_from_Kansas"
"Eddie Sutton","List_of_people_from_Kansas"
"Mark Turgeon","List_of_people_from_Kansas"
"Brent Venables","List_of_people_from_Kansas"
"Walter Herschel Beech","List_of_people_from_Kansas"
"Clyde Vernon Cessna","List_of_people_from_Kansas"
"Amelia Earhart","List_of_people_from_Kansas"
"Joe Engle","List_of_people_from_Kansas"
"Ronald Evans","List_of_people_from_Kansas"
"Daniel Forbes","List_of_people_from_Kansas"
"Steve Hawley","List_of_people_from_Kansas"
"Donald Hudson","List_of_people_from_Kansas"
"Glenn L. Martin","List_of_people_from_Kansas"
"Lloyd Carlton Stearman","List_of_people_from_Kansas"
"Philip Anschutz","List_of_people_from_Kansas"
"Bion Barnett","List_of_people_from_Kansas"
"Olive Ann Beech","List_of_people_from_Kansas"
"Dan and Frank Carney","List_of_people_from_Kansas"
"Walter Chrysler","List_of_people_from_Kansas"
"William Coffin Coleman","List_of_people_from_Kansas"
"David Dillon","List_of_people_from_Kansas"
"Vic Edelbrock","List_of_people_from_Kansas"
"James Harbord","List_of_people_from_Kansas"
"William Wadsworth Hodkinson","List_of_people_from_Kansas"
"Omar Knedlik","List_of_people_from_Kansas"
"Charles G. Koch","List_of_people_from_Kansas"
"David H. Koch","List_of_people_from_Kansas"
"Alan Mulally","List_of_people_from_Kansas"
"Matthew K. Rose","List_of_people_from_Kansas"
"Harry F. Sinclair","List_of_people_from_Kansas"
"Russell Stover","List_of_people_from_Kansas"
"Brandon Adams","List_of_people_from_Kansas"
"Tyrees Allen","List_of_people_from_Kansas"
"Kirstie Alley","List_of_people_from_Kansas"
"Fatty Arbuckle","List_of_people_from_Kansas"
"Barbara Babcock","List_of_people_from_Kansas"
"Gerry Bamman","List_of_people_from_Kansas"
"Hugh Beaumont","List_of_people_from_Kansas"
"Annette Bening","List_of_people_from_Kansas"
"Madge Blake","List_of_people_from_Kansas"
"Roscoe Born","List_of_people_from_Kansas"
"Todd Bosley","List_of_people_from_Kansas"
"Steve Brodie","List_of_people_from_Kansas"
"Louise Brooks","List_of_people_from_Kansas"
"Petrea Burchard","List_of_people_from_Kansas"
"Darren E. Burrows","List_of_people_from_Kansas"
"Trai Byers","List_of_people_from_Kansas"
"Del Close","List_of_people_from_Kansas"
"Brent Collins","List_of_people_from_Kansas"
"Jack Colvin","List_of_people_from_Kansas"
"Aneta Corsaut","List_of_people_from_Kansas"
"Nathan Darrow","List_of_people_from_Kansas"
"Lucinda Dickey","List_of_people_from_Kansas"
"Billy Drago","List_of_people_from_Kansas"
"Marj Dusay","List_of_people_from_Kansas"
"R. Lee Ermey","List_of_people_from_Kansas"
"Bridget Everett","List_of_people_from_Kansas"
"Bill Farmer","List_of_people_from_Kansas"
"Tamara Feldman","List_of_people_from_Kansas"
"Scott Foley","List_of_people_from_Kansas"
"Dwight Frye","List_of_people_from_Kansas"
"Alan Fudge","List_of_people_from_Kansas"
"Laurel Goodwin","List_of_people_from_Kansas"
"Cary Guffey","List_of_people_from_Kansas"
"Dennis Hayden","List_of_people_from_Kansas"
"Colton Haynes","List_of_people_from_Kansas"
"Thelma Hill","List_of_people_from_Kansas"
"Dennis Hopper","List_of_people_from_Kansas"
"Jayne Houdyshell","List_of_people_from_Kansas"
"Mary Howard","List_of_people_from_Kansas"
"Don Johnson","List_of_people_from_Kansas"
"Neal Jones","List_of_people_from_Kansas"
"Gordon Jump","List_of_people_from_Kansas"
"Tom Kane","List_of_people_from_Kansas"
"Buster Keaton","List_of_people_from_Kansas"
"Emmett Kelly","List_of_people_from_Kansas"
"Laura Kirk","List_of_people_from_Kansas"
"Shirley Knight","List_of_people_from_Kansas"
"Sarah Lancaster","List_of_people_from_Kansas"
"Lila Leeds","List_of_people_from_Kansas"
"Hattie McDaniel","List_of_people_from_Kansas"
"Everett McGill","List_of_people_from_Kansas"
"Michael McMillian","List_of_people_from_Kansas"
"George Murdock","List_of_people_from_Kansas"
"Cassandra Peterson","List_of_people_from_Kansas"
"ZaSu Pitts","List_of_people_from_Kansas"
"Chris Porter","List_of_people_from_Kansas"
"John Quade","List_of_people_from_Kansas"
"James Reynolds","List_of_people_from_Kansas"
"Rob Riggle","List_of_people_from_Kansas"
"Charles "Buddy" Rogers","List_of_people_from_Kansas"
"Paul Rudd","List_of_people_from_Kansas"
"Sheila Ryan","List_of_people_from_Kansas"
"Kendall Schmidt","List_of_people_from_Kansas"
"Kevin Schmidt","List_of_people_from_Kansas"
"Travis Schuldt","List_of_people_from_Kansas"
"Angus Scrimm","List_of_people_from_Kansas"
"Max Showalter","List_of_people_from_Kansas"
"Cynthia Sikes","List_of_people_from_Kansas"
"Lois Smith","List_of_people_from_Kansas"
"David Rees Snell","List_of_people_from_Kansas"
"Sara Sothern","List_of_people_from_Kansas"
"Taryn Southern","List_of_people_from_Kansas"
"Rebecca Staab","List_of_people_from_Kansas"
"Milburn Stone","List_of_people_from_Kansas"
"Eric Stonestreet","List_of_people_from_Kansas"
"Jason Sudeikis","List_of_people_from_Kansas"
"Norma Terris","List_of_people_from_Kansas"
"Fay Tincher","List_of_people_from_Kansas"
"Vivian Vance","List_of_people_from_Kansas"
"Matt Vogel","List_of_people_from_Kansas"
"Lyle Waggoner","List_of_people_from_Kansas"
"Kari Wahlgren","List_of_people_from_Kansas"
"Dee Wallace","List_of_people_from_Kansas"
"Jason Wiles","List_of_people_from_Kansas"
"Claire Windsor","List_of_people_from_Kansas"
"Patrice Wymore","List_of_people_from_Kansas"
"Jeff Yagher","List_of_people_from_Kansas"
"Michael Almereyda","List_of_people_from_Kansas"
"Steve Balderson","List_of_people_from_Kansas"
"Darren Lynn Bousman","List_of_people_from_Kansas"
"Chris Buck","List_of_people_from_Kansas"
"Eric Darnell","List_of_people_from_Kansas"
"Randall Duell","List_of_people_from_Kansas"
"Alex Graves","List_of_people_from_Kansas"
"Sherman Halsey","List_of_people_from_Kansas"
"Martin and Osa Johnson","List_of_people_from_Kansas"
"Oscar Micheaux","List_of_people_from_Kansas"
"Gordon Parks","List_of_people_from_Kansas"
"Richard Thorpe","List_of_people_from_Kansas"
"Frank Marshall Davis","List_of_people_from_Kansas"
"Steve Doocy","List_of_people_from_Kansas"
"Elizabeth Farnsworth","List_of_people_from_Kansas"
"William M. Gallagher","List_of_people_from_Kansas"
"Jane Grant","List_of_people_from_Kansas"
"E. W. Howe","List_of_people_from_Kansas"
"Bill Kurtis","List_of_people_from_Kansas"
"Jim Lehrer","List_of_people_from_Kansas"
"Melissa McDermott","List_of_people_from_Kansas"
"Clementine Paddleford","List_of_people_from_Kansas"
"Eugene C. Pulliam","List_of_people_from_Kansas"
"Roy A. Roberts","List_of_people_from_Kansas"
"W. Eugene Smith","List_of_people_from_Kansas"
"John Cameron Swayze","List_of_people_from_Kansas"
"Julius Wayland","List_of_people_from_Kansas"
"William Allen White","List_of_people_from_Kansas"
"Gene Wojciechowski","List_of_people_from_Kansas"
"John Anderson, Jr.","List_of_people_from_Kansas"
"Earl Browder","List_of_people_from_Kansas"
"Sam Brownback","List_of_people_from_Kansas"
"Arthur Capper","List_of_people_from_Kansas"
"Frank Carlson","List_of_people_from_Kansas"
"Georgia Neese Clark","List_of_people_from_Kansas"
"Ty Cobb","List_of_people_from_Kansas"
"Samuel J. Crawford","List_of_people_from_Kansas"
"Charles Curtis","List_of_people_from_Kansas"
"Harry Darby","List_of_people_from_Kansas"
"George Docking","List_of_people_from_Kansas"
"Bob Dole","List_of_people_from_Kansas"
"Dwight Eisenhower","List_of_people_from_Kansas"
"Joan Finney","List_of_people_from_Kansas"
"Marlin Fitzwater","List_of_people_from_Kansas"
"Robert Gates","List_of_people_from_Kansas"
"Robert L. Gernon","List_of_people_from_Kansas"
"Dan Glickman","List_of_people_from_Kansas"
"Bill Graves","List_of_people_from_Kansas"
"Paul Ranous Greever","List_of_people_from_Kansas"
"Gary Hart","List_of_people_from_Kansas"
"Carl Hatch","List_of_people_from_Kansas"
"Mike Hayden","List_of_people_from_Kansas"
"Wally Hickel","List_of_people_from_Kansas"
"Ural Alexis Johnson","List_of_people_from_Kansas"
"Tim Kaine","List_of_people_from_Kansas"
"Nancy Kassebaum Baker","List_of_people_from_Kansas"
"James H. "Dog" Kelley","List_of_people_from_Kansas"
"William P. Lambertson","List_of_people_from_Kansas"
"Alf Landon","List_of_people_from_Kansas"
"Frank H. Lee","List_of_people_from_Kansas"
"John Martin","List_of_people_from_Kansas"
"George McGill","List_of_people_from_Kansas"
"Jerry Moran","List_of_people_from_Kansas"
"Roger Noriega","List_of_people_from_Kansas"
"Gale Norton","List_of_people_from_Kansas"
"Lawton Nuss","List_of_people_from_Kansas"
"Kate Richards O'Hare","List_of_people_from_Kansas"
"Leslie Osterman","List_of_people_from_Kansas"
"Shirley Phelps-Roper","List_of_people_from_Kansas"
"Chuck Reed","List_of_people_from_Kansas"
"Roy Romer","List_of_people_from_Kansas"
"Susanna M. Salter","List_of_people_from_Kansas"
"Bradley Schlozman","List_of_people_from_Kansas"
"K. Gary Sebelius","List_of_people_from_Kansas"
"Harold Sebring","List_of_people_from_Kansas"
"Arlen Specter","List_of_people_from_Kansas"
"Dale Swenson","List_of_people_from_Kansas"
"Martin E. Trapp","List_of_people_from_Kansas"
"Rosalie E. Wahl","List_of_people_from_Kansas"
"William Walker","List_of_people_from_Kansas"
"Mabel Walker Willebrandt","List_of_people_from_Kansas"
"Harry Hines Woodring","List_of_people_from_Kansas"
"Robert M. Wright","List_of_people_from_Kansas"
"Ron Wyden","List_of_people_from_Kansas"
"Stanley T. Adams","List_of_people_from_Kansas"
"Wilbur Bestwick","List_of_people_from_Kansas"
"Kendall Carl Campbell","List_of_people_from_Kansas"
"Richard Cowan","List_of_people_from_Kansas"
"Rebecca L. Ediger","List_of_people_from_Kansas"
"Harry D. Felt","List_of_people_from_Kansas"
"Arthur M. Ferguson","List_of_people_from_Kansas"
"Frederick N. Funston","List_of_people_from_Kansas"
"John E. Gingrich","List_of_people_from_Kansas"
"James Harbord","List_of_people_from_Kansas"
"Joseph Henderson","List_of_people_from_Kansas"
"Elizabeth P. Hoisington","List_of_people_from_Kansas"
"Herbert Loper","List_of_people_from_Kansas"
"Homer A. McCrerey","List_of_people_from_Kansas"
"Richard Myers","List_of_people_from_Kansas"
"Danny J. Petersen","List_of_people_from_Kansas"
"George S. Robb","List_of_people_from_Kansas"
"Bernard W. Rogers","List_of_people_from_Kansas"
"Donald K. Ross","List_of_people_from_Kansas"
"Conrad Schmidt","List_of_people_from_Kansas"
"Duane D. Thiessen","List_of_people_from_Kansas"
"Grant F. Timmerman","List_of_people_from_Kansas"
"William B. Trembley","List_of_people_from_Kansas"
"Lewis William Walt","List_of_people_from_Kansas"
"William Bickerton","List_of_people_from_Kansas"
"Charles J. Chaput","List_of_people_from_Kansas"
"Sheri L. Dew","List_of_people_from_Kansas"
"Bart D. Ehrman","List_of_people_from_Kansas"
"Jerry Johnston","List_of_people_from_Kansas"
"Emil Kapaun","List_of_people_from_Kansas"
"Ron Kenoly","List_of_people_from_Kansas"
"Fred Phelps","List_of_people_from_Kansas"
"James Reeb","List_of_people_from_Kansas"
"David Laurin Ricken","List_of_people_from_Kansas"
"Michael Jarboe Sheehan","List_of_people_from_Kansas"
"John Joseph Sullivan","List_of_people_from_Kansas"
"Gerald B. Winrod","List_of_people_from_Kansas"
"Gordon Winrod","List_of_people_from_Kansas"
"Charles Bachman","List_of_people_from_Kansas"
"C. Olin Ball","List_of_people_from_Kansas"
"Barnum Brown","List_of_people_from_Kansas"
"John D. Carmack","List_of_people_from_Kansas"
"George Washington Carver","List_of_people_from_Kansas"
"James F. Crow","List_of_people_from_Kansas"
"Carl Owen Dunbar","List_of_people_from_Kansas"
"David Fairchild","List_of_people_from_Kansas"
"Philip Fox","List_of_people_from_Kansas"
"Howard K. Gloyd","List_of_people_from_Kansas"
"Ebbe Hoff","List_of_people_from_Kansas"
"Jack Kilby","List_of_people_from_Kansas"
"Homer A. McCrerey","List_of_people_from_Kansas"
"Ray McIntire","List_of_people_from_Kansas"
"Karl Menninger","List_of_people_from_Kansas"
"Charles D. Michener","List_of_people_from_Kansas"
"Lou Montulli","List_of_people_from_Kansas"
"Ernest Fox Nichols","List_of_people_from_Kansas"
"Wallace Pratt","List_of_people_from_Kansas"
"Walter Sutton","List_of_people_from_Kansas"
"George Tiller","List_of_people_from_Kansas"
"Clyde Tombaugh","List_of_people_from_Kansas"
"Samuel Wendell Williston","List_of_people_from_Kansas"
"Douglas Youvan","List_of_people_from_Kansas"
"Danni Boatwright","List_of_people_from_Kansas"
"Emily Gibson Braerton","List_of_people_from_Kansas"
"Erin Brockovich","List_of_people_from_Kansas"
"Richard Christy","List_of_people_from_Kansas"
"Hilda Clark","List_of_people_from_Kansas"
"Earl Cole","List_of_people_from_Kansas"
"Racquel Darrian","List_of_people_from_Kansas"
"Elmer Dresslar, Jr.","List_of_people_from_Kansas"
"Alvin Dewey","List_of_people_from_Kansas"
"Ann Dunham","List_of_people_from_Kansas"
"Madelyn and Stanley Dunham","List_of_people_from_Kansas"
"Tara Dawn Holland","List_of_people_from_Kansas"
"Carrie Ingalls","List_of_people_from_Kansas"
"Charles "Buffalo" Jones","List_of_people_from_Kansas"
"Vicki Lynn Lasseter","List_of_people_from_Kansas"
"Candy Loving","List_of_people_from_Kansas"
"Waldo McBurney","List_of_people_from_Kansas"
"Kelli McCarty","List_of_people_from_Kansas"
"Janet Murguía","List_of_people_from_Kansas"
"Dan Perkins","List_of_people_from_Kansas"
"Jeff Probst","List_of_people_from_Kansas"
"Victor Rojas","List_of_people_from_Kansas"
"Satanta","List_of_people_from_Kansas"
"Matt Schlapp","List_of_people_from_Kansas"
"Justin E. Smith","List_of_people_from_Kansas"
"Theresa Vail","List_of_people_from_Kansas"
"Kari Wahlgren","List_of_people_from_Kansas"
"Carrie Westcott","List_of_people_from_Kansas"
"Harold F. Williamson","List_of_people_from_Kansas"
"John Brown","List_of_people_from_Kansas"
"Buffalo Bill Cody","List_of_people_from_Kansas"
"Wyatt Earp","List_of_people_from_Kansas"
"Dora Hand","List_of_people_from_Kansas"
"Wild Bill Hickok","List_of_people_from_Kansas"
"James H. Lane","List_of_people_from_Kansas"
"Bat Masterson","List_of_people_from_Kansas"
"Carrie Nation","List_of_people_from_Kansas"
"John James Ingalls","List_of_people_from_Kansas"
"Kris Kobach","List_of_people_from_Kansas"
"Edward J. Adams","List_of_people_from_Kansas"
"Lowell Lee Andrews","List_of_people_from_Kansas"
"John and Kate Bender","List_of_people_from_Kansas"
"Fred "Killer" Burke","List_of_people_from_Kansas"
"Mark Essex","List_of_people_from_Kansas"
"Jake and Ralph Fleagle","List_of_people_from_Kansas"
"Debora Green","List_of_people_from_Kansas"
"Eric Harris","List_of_people_from_Kansas"
"Richard Hickock","List_of_people_from_Kansas"
"Alvin "Creepy" Karpis","List_of_people_from_Kansas"
"Anna Emmaline McDoulet","List_of_people_from_Kansas"
"George Newcomb","List_of_people_from_Kansas"
"Duane Earl Pope","List_of_people_from_Kansas"
"Dennis Rader","List_of_people_from_Kansas"
"Scott Philip Roeder","List_of_people_from_Kansas"
"Marc Sappington","List_of_people_from_Kansas"
"Helen Crump","List_of_people_from_Kansas"
"Dennis the Menace","List_of_people_from_Kansas"
"Matt Dillon","List_of_people_from_Kansas"
"Dorothy Gale","List_of_people_from_Kansas"
"Elmer Gantry","List_of_people_from_Kansas"
"Gil Hamilton","List_of_people_from_Kansas"
"Will Kane","List_of_people_from_Kansas"
"Johnny Kaw","List_of_people_from_Kansas"
"Clark Joseph Kent","List_of_people_from_Kansas"
"Lana Lang","List_of_people_from_Kansas"
"Major Astro","List_of_people_from_Kansas"
"Colleen McMurphy","List_of_people_from_Kansas"
"Cameron Mitchell","List_of_people_from_Kansas"
"Jack B. Quick","List_of_people_from_Kansas"
"Amanda Rogers","List_of_people_from_Kansas"
"Pete Ross","List_of_people_from_Kansas"
"Mary Ann Summers","List_of_people_from_Kansas"
"Annie Wilson","List_of_people_from_Kansas"
"Dean Winchester","List_of_people_from_Kansas"
"Sam Winchester","List_of_people_from_Kansas"
"Wizard of Oz","List_of_people_from_Kansas"
"Index","List_of_people_from_Kansas"
"History","List_of_people_from_Kansas"
"Timeline","List_of_people_from_Kansas"
"Governors","List_of_people_from_Kansas"
"Delegations","List_of_people_from_Kansas"
"Landmarks","List_of_people_from_Kansas"
"Places","List_of_people_from_Kansas"
"Geography","List_of_people_from_Kansas"
"Tourist attractions","List_of_people_from_Kansas"
"Culture","List_of_people_from_Kansas"
"Crime","List_of_people_from_Kansas"
"Demographics","List_of_people_from_Kansas"
"Economy","List_of_people_from_Kansas"
"Education","List_of_people_from_Kansas"
"Politics","List_of_people_from_Kansas"
"Cherokee Strip","List_of_people_from_Kansas"
"Cross Timbers","List_of_people_from_Kansas"
"Dissected Till Plains","List_of_people_from_Kansas"
"East Central","List_of_people_from_Kansas"
"Four State Area","List_of_people_from_Kansas"
"Flint Hills","List_of_people_from_Kansas"
"High Plains","List_of_people_from_Kansas"
"North Central","List_of_people_from_Kansas"
"Osage Plains","List_of_people_from_Kansas"
"Ozarks","List_of_people_from_Kansas"
"Red Hills","List_of_people_from_Kansas"
"Santa Fe Trail Region","List_of_people_from_Kansas"
"Smoky Hills","List_of_people_from_Kansas"
"Southeast","List_of_people_from_Kansas"
"Allen","List_of_people_from_Kansas"
"Anderson","List_of_people_from_Kansas"
"Atchison","List_of_people_from_Kansas"
"Barber","List_of_people_from_Kansas"
"Barton","List_of_people_from_Kansas"
"Bourbon","List_of_people_from_Kansas"
"Brown","List_of_people_from_Kansas"
"Butler","List_of_people_from_Kansas"
"Chase","List_of_people_from_Kansas"
"Chautauqua","List_of_people_from_Kansas"
"Cherokee","List_of_people_from_Kansas"
"Cheyenne","List_of_people_from_Kansas"
"Clark","List_of_people_from_Kansas"
"Clay","List_of_people_from_Kansas"
"Cloud","List_of_people_from_Kansas"
"Coffey","List_of_people_from_Kansas"
"Comanche","List_of_people_from_Kansas"
"Cowley","List_of_people_from_Kansas"
"Crawford","List_of_people_from_Kansas"
"Decatur","List_of_people_from_Kansas"
"Dickinson","List_of_people_from_Kansas"
"Doniphan","List_of_people_from_Kansas"
"Douglas","List_of_people_from_Kansas"
"Edwards","List_of_people_from_Kansas"
"Elk","List_of_people_from_Kansas"
"Ellis","List_of_people_from_Kansas"
"Ellsworth","List_of_people_from_Kansas"
"Finney","List_of_people_from_Kansas"
"Ford","List_of_people_from_Kansas"
"Franklin","List_of_people_from_Kansas"
"Geary","List_of_people_from_Kansas"
"Gove","List_of_people_from_Kansas"
"Graham","List_of_people_from_Kansas"
"Grant","List_of_people_from_Kansas"
"Gray","List_of_people_from_Kansas"
"Greeley","List_of_people_from_Kansas"
"Greenwood","List_of_people_from_Kansas"
"Hamilton","List_of_people_from_Kansas"
"Harper","List_of_people_from_Kansas"
"Harvey","List_of_people_from_Kansas"
"Haskell","List_of_people_from_Kansas"
"Hodgeman","List_of_people_from_Kansas"
"Jackson","List_of_people_from_Kansas"
"Jefferson","List_of_people_from_Kansas"
"Jewell","List_of_people_from_Kansas"
"Johnson","List_of_people_from_Kansas"
"Kearny","List_of_people_from_Kansas"
"Kingman","List_of_people_from_Kansas"
"Kiowa","List_of_people_from_Kansas"
"Labette","List_of_people_from_Kansas"
"Lane","List_of_people_from_Kansas"
"Leavenworth","List_of_people_from_Kansas"
"Lincoln","List_of_people_from_Kansas"
"Linn","List_of_people_from_Kansas"
"Logan","List_of_people_from_Kansas"
"Lyon","List_of_people_from_Kansas"
"Marion","List_of_people_from_Kansas"
"Marshall","List_of_people_from_Kansas"
"McPherson","List_of_people_from_Kansas"
"Meade","List_of_people_from_Kansas"
"Miami","List_of_people_from_Kansas"
"Mitchell","List_of_people_from_Kansas"
"Montgomery","List_of_people_from_Kansas"
"Morris","List_of_people_from_Kansas"
"Morton","List_of_people_from_Kansas"
"Nemaha","List_of_people_from_Kansas"
"Neosho","List_of_people_from_Kansas"
"Ness","List_of_people_from_Kansas"
"Norton","List_of_people_from_Kansas"
"Osage","List_of_people_from_Kansas"
"Osborne","List_of_people_from_Kansas"
"Ottawa","List_of_people_from_Kansas"
"Pawnee","List_of_people_from_Kansas"
"Phillips","List_of_people_from_Kansas"
"Pottawatomie","List_of_people_from_Kansas"
"Pratt","List_of_people_from_Kansas"
"Rawlins","List_of_people_from_Kansas"
"Reno","List_of_people_from_Kansas"
"Republic","List_of_people_from_Kansas"
"Rice","List_of_people_from_Kansas"
"Riley","List_of_people_from_Kansas"
"Rooks","List_of_people_from_Kansas"
"Rush","List_of_people_from_Kansas"
"Russell","List_of_people_from_Kansas"
"Saline","List_of_people_from_Kansas"
"Scott","List_of_people_from_Kansas"
"Sedgwick","List_of_people_from_Kansas"
"Seward","List_of_people_from_Kansas"
"Shawnee","List_of_people_from_Kansas"
"Sheridan","List_of_people_from_Kansas"
"Sherman","List_of_people_from_Kansas"
"Smith","List_of_people_from_Kansas"
"Stafford","List_of_people_from_Kansas"
"Stanton","List_of_people_from_Kansas"
"Stevens","List_of_people_from_Kansas"
"Sumner","List_of_people_from_Kansas"
"Thomas","List_of_people_from_Kansas"
"Trego","List_of_people_from_Kansas"
"Wabaunsee","List_of_people_from_Kansas"
"Wallace","List_of_people_from_Kansas"
"Washington","List_of_people_from_Kansas"
"Wichita","List_of_people_from_Kansas"
"Wilson","List_of_people_from_Kansas"
"Woodson","List_of_people_from_Kansas"
"Wyandotte","List_of_people_from_Kansas"
"Alabama","List_of_people_from_Kansas"
"Alaska","List_of_people_from_Kansas"
"Arizona","List_of_people_from_Kansas"
"Arkansas","List_of_people_from_Kansas"
"California","List_of_people_from_Kansas"
"Colorado","List_of_people_from_Kansas"
"Connecticut","List_of_people_from_Kansas"
"Delaware","List_of_people_from_Kansas"
"Florida","List_of_people_from_Kansas"
"Georgia","List_of_people_from_Kansas"
"Hawaii","List_of_people_from_Kansas"
"Idaho","List_of_people_from_Kansas"
"Illinois","List_of_people_from_Kansas"
"Indiana","List_of_people_from_Kansas"
"Iowa","List_of_people_from_Kansas"
"Kentucky","List_of_people_from_Kansas"
"Louisiana","List_of_people_from_Kansas"
"Maine","List_of_people_from_Kansas"
"Maryland","List_of_people_from_Kansas"
"Massachusetts","List_of_people_from_Kansas"
"Michigan","List_of_people_from_Kansas"
"Minnesota","List_of_people_from_Kansas"
"Mississippi","List_of_people_from_Kansas"
"Missouri","List_of_people_from_Kansas"
"Montana","List_of_people_from_Kansas"
"Nebraska","List_of_people_from_Kansas"
"Nevada","List_of_people_from_Kansas"
"New Hampshire","List_of_people_from_Kansas"
"New Jersey","List_of_people_from_Kansas"
"New Mexico","List_of_people_from_Kansas"
"New York","List_of_people_from_Kansas"
"North Carolina","List_of_people_from_Kansas"
"North Dakota","List_of_people_from_Kansas"
"Ohio","List_of_people_from_Kansas"
"Oklahoma","List_of_people_from_Kansas"
"Oregon","List_of_people_from_Kansas"
"Pennsylvania","List_of_people_from_Kansas"
"Rhode Island","List_of_people_from_Kansas"
"South Carolina","List_of_people_from_Kansas"
"South Dakota","List_of_people_from_Kansas"
"Tennessee","List_of_people_from_Kansas"
"Texas","List_of_people_from_Kansas"
"Utah","List_of_people_from_Kansas"
"Vermont","List_of_people_from_Kansas"
"Virginia","List_of_people_from_Kansas"
"Washington","List_of_people_from_Kansas"
"West Virginia","List_of_people_from_Kansas"
"Wisconsin","List_of_people_from_Kansas"
"Wyoming","List_of_people_from_Kansas"
"American Samoa","List_of_people_from_Kansas"
"Guam","List_of_people_from_Kansas"
"Northern Mariana Islands","List_of_people_from_Kansas"
"Puerto Rico ","List_of_people_from_Kansas"
"U.S. Virgin Islands","List_of_people_from_Kansas"
